Setting up
# 0 0 0 0 0
2234	0
# 0 0 0 0 1
1749	0
# 0 0 0 0 2
2518	0
# 0 0 0 0 3
3981	0
# 0 0 0 1 0
1253	0
# 0 0 0 1 1
1841	0
# 0 0 0 1 2
3089	0
# 0 0 0 1 3
5481	0
# 0 0 0 2 0
1198	0
# 0 0 0 2 1
1401	0
# 0 0 0 2 2
2906	0
# 0 0 0 2 3
5205	0
# 0 0 0 3 0
1391	0
# 0 0 0 3 1
1695	0
# 0 0 0 3 2
3343	0
# 0 0 0 3 3
5788	0
# 0 0 0 4 0
2293	0
# 0 0 0 4 1
4415	0
# 0 0 0 4 2
7958	0
# 0 0 0 4 3
217205	0
# 0 0 0 5 0
5455	0
# 0 0 0 5 1
10539	0
# 0 0 0 5 2
21502	0
# 0 0 0 5 3
42252	0
# 0 0 0 6 0
19795	0
# 0 0 0 6 1
40409	0
# 0 0 0 6 2
80630	0
# 0 0 0 6 3
148263	0
# 0 0 1 0 0
1658	0
# 0 0 1 0 1
2782	0
# 0 0 1 0 2
3469	0
# 0 0 1 0 3
6592	4
# 0 0 1 1 0
1643	0
# 0 0 1 1 1
2035	0
# 0 0 1 1 2
3738	0
# 0 0 1 1 3
5812	6
# 0 0 1 2 0
1639	0
# 0 0 1 2 1
2331	0
# 0 0 1 2 2
4638	1
# 0 0 1 2 3
6672	5
# 0 0 1 3 0
1654	0
# 0 0 1 3 1
2959	0
# 0 0 1 3 2
5762	0
# 0 0 1 3 3
9476	0
# 0 0 1 4 0
204833	0
# 0 0 1 4 1
207307	0
# 0 0 1 4 2
12353	0
# 0 0 1 4 3
224038	0
# 0 0 1 5 0
209992	0
# 0 0 1 5 1
18590	0
# 0 0 1 5 2
233194	0
# 0 0 1 5 3
267248	0
# 0 0 1 6 0
243995	0
# 0 0 1 6 1
273500	0
# 0 0 1 6 2
337584	0
# 0 0 1 6 3
464314	0
# 0 0 2 0 0
1069	2
# 0 0 2 0 1
1947	4
# 0 0 2 0 2
4199	8
# 0 0 2 0 3
6563	16
# 0 0 2 1 0
1328	2
# 0 0 2 1 1
2058	4
# 0 0 2 1 2
4365	8
# 0 0 2 1 3
8572	18
# 0 0 2 2 0
1371	2
# 0 0 2 2 1
2704	4
# 0 0 2 2 2
4842	8
# 0 0 2 2 3
8118	16
# 0 0 2 3 0
1549	2
# 0 0 2 3 1
2602	4
# 0 0 2 3 2
5150	8
# 0 0 2 3 3
10620	16
# 0 0 2 4 0
2909	2
# 0 0 2 4 1
5760	4
# 0 0 2 4 2
9822	8
# 0 0 2 4 3
222976	17
# 0 0 2 5 0
209998	2
# 0 0 2 5 1
216765	4
# 0 0 2 5 2
232740	8
# 0 0 2 5 3
254139	18
# 0 0 2 6 0
32246	2
# 0 0 2 6 1
265753	4
# 0 0 2 6 2
343734	8
# 0 0 2 6 3
466041	16
# 0 0 3 0 0
1744	6
# 0 0 3 0 1
2287	12
# 0 0 3 0 2
4587	24
# 0 0 3 0 3
6609	52
# 0 0 3 1 0
1397	6
# 0 0 3 1 1
2148	13
# 0 0 3 1 2
3305	26
# 0 0 3 1 3
8201	49
# 0 0 3 2 0
1736	6
# 0 0 3 2 1
2911	12
# 0 0 3 2 2
4083	24
# 0 0 3 2 3
9662	46
# 0 0 3 3 0
2008	6
# 0 0 3 3 1
2652	12
# 0 0 3 3 2
4946	24
# 0 0 3 3 3
7555	52
# 0 0 3 4 0
3350	6
# 0 0 3 4 1
207566	12
# 0 0 3 4 2
214291	23
# 0 0 3 4 3
207803	60
# 0 0 3 5 0
8354	6
# 0 0 3 5 1
213583	12
# 0 0 3 5 2
234224	24
# 0 0 3 5 3
263485	47
# 0 0 3 6 0
238819	6
# 0 0 3 6 1
267227	12
# 0 0 3 6 2
333358	24
# 0 0 3 6 3
458011	48
# 0 0 4 0 0
1819	13
# 0 0 4 0 1
2883	27
# 0 0 4 0 2
6341	49
# 0 0 4 0 3
10887	106
# 0 0 4 1 0
2301	12
# 0 0 4 1 1
205860	22
# 0 0 4 1 2
5946	50
# 0 0 4 1 3
12091	97
# 0 0 4 2 0
1769	14
# 0 0 4 2 1
2972	26
# 0 0 4 2 2
4339	54
# 0 0 4 2 3
3007374	71
# 0 0 4 3 0
6309	13
# 0 0 4 3 1
220967	24
# 0 0 4 3 2
220142	48
# 0 0 4 3 3
3005738	82
# 0 0 4 4 0
206918	14
# 0 0 4 4 1
207952	29
# 0 0 4 4 2
3011779	49
# 0 0 4 4 3
226427	112
# 0 0 4 5 0
210917	14
# 0 0 4 5 1
16239	28
# 0 0 4 5 2
439247	56
# 0 0 4 5 3
250656	117
# 0 0 4 6 0
36284	14
# 0 0 4 6 1
3247256	25
# 0 0 4 6 2
337857	56
# 0 0 4 6 3
472458	112
Setting up
# 0 1 0 0 0
833	0
# 0 1 0 0 1
1712	0
# 0 1 0 0 2
2515	0
# 0 1 0 0 3
4945	0
# 0 1 0 1 0
1191	0
# 0 1 0 1 1
1667	0
# 0 1 0 1 2
2733	0
# 0 1 0 1 3
4496	0
# 0 1 0 2 0
1697	0
# 0 1 0 2 1
1935	0
# 0 1 0 2 2
2645	0
# 0 1 0 2 3
4933	0
# 0 1 0 3 0
1316	0
# 0 1 0 3 1
2100	0
# 0 1 0 3 2
3703	0
# 0 1 0 3 3
5863	0
# 0 1 0 4 0
203931	0
# 0 1 0 4 1
4355	0
# 0 1 0 4 2
215616	0
# 0 1 0 4 3
217374	0
# 0 1 0 5 0
5855	0
# 0 1 0 5 1
11127	0
# 0 1 0 5 2
22287	0
# 0 1 0 5 3
242784	0
# 0 1 0 6 0
19772	0
# 0 1 0 6 1
238371	0
# 0 1 0 6 2
278314	0
# 0 1 0 6 3
562611	0
# 0 1 1 0 0
1626	0
# 0 1 1 0 1
2797	0
# 0 1 1 0 2
3703	0
# 0 1 1 0 3
7786	0
# 0 1 1 1 0
2559	0
# 0 1 1 1 1
2278	0
# 0 1 1 1 2
3869	0
# 0 1 1 1 3
8199	0
# 0 1 1 2 0
1584	0
# 0 1 1 2 1
2778	0
# 0 1 1 2 2
4780	0
# 0 1 1 2 3
7365	0
# 0 1 1 3 0
1948	0
# 0 1 1 3 1
2402	0
# 0 1 1 3 2
4803	0
# 0 1 1 3 3
10276	0
# 0 1 1 4 0
3447	0
# 0 1 1 4 1
208378	0
# 0 1 1 4 2
214625	0
# 0 1 1 4 3
225108	0
# 0 1 1 5 0
212367	0
# 0 1 1 5 1
222701	0
# 0 1 1 5 2
239320	0
# 0 1 1 5 3
268355	0
# 0 1 1 6 0
36650	0
# 0 1 1 6 1
269295	0
# 0 1 1 6 2
332594	0
# 0 1 1 6 3
472960	0
# 0 1 2 0 0
2011	1
# 0 1 2 0 1
3590	2
# 0 1 2 0 2
7619	4
# 0 1 2 0 3
15552	8
# 0 1 2 1 0
2920	1
# 0 1 2 1 1
3314	2
# 0 1 2 1 2
6839	4
# 0 1 2 1 3
13401	8
# 0 1 2 2 0
2136	1
# 0 1 2 2 1
3260	2
# 0 1 2 2 2
6355	5
# 0 1 2 2 3
11053	13
# 0 1 2 3 0
3189	1
# 0 1 2 3 1
9819	2
# 0 1 2 3 2
8187	3
# 0 1 2 3 3
18634	7
# 0 1 2 4 0
207725	1
# 0 1 2 4 1
213073	2
# 0 1 2 4 2
222491	4
# 0 1 2 4 3
234381	8
# 0 1 2 5 0
214110	1
# 0 1 2 5 1
231088	2
# 0 1 2 5 2
249450	4
# 0 1 2 5 3
269111	14
# 0 1 2 6 0
255373	1
# 0 1 2 6 1
307302	2
# 0 1 2 6 2
412633	4
# 0 1 2 6 3
613848	8
# 0 1 3 0 0
2309	5
# 0 1 3 0 1
4607	6
# 0 1 3 0 2
7644	19
# 0 1 3 0 3
10615	44
# 0 1 3 1 0
2787	4
# 0 1 3 1 1
4340	8
# 0 1 3 1 2
4767	22
# 0 1 3 1 3
8799	42
# 0 1 3 2 0
2980	3
# 0 1 3 2 1
4620	7
# 0 1 3 2 2
7938	17
# 0 1 3 2 3
8162	46
# 0 1 3 3 0
4090	1
# 0 1 3 3 1
3831	9
# 0 1 3 3 2
7143	21
# 0 1 3 3 3
13738	37
# 0 1 3 4 0
207839	4
# 0 1 3 4 1
211250	10
# 0 1 3 4 2
219687	20
# 0 1 3 4 3
438910	40
# 0 1 3 5 0
213220	5
# 0 1 3 5 1
225815	10
# 0 1 3 5 2
251018	20
# 0 1 3 5 3
295524	40
# 0 1 3 6 0
249735	5
# 0 1 3 6 1
302336	10
# 0 1 3 6 2
406714	20
# 0 1 3 6 3
592978	40
# 0 1 4 0 0
4370	10
# 0 1 4 0 1
3570	26
# 0 1 4 0 2
3004107	42
# 0 1 4 0 3
13463	102
# 0 1 4 1 0
2326	13
# 0 1 4 1 1
223258	22
# 0 1 4 1 2
5900	53
# 0 1 4 1 3
529481	102
# 0 1 4 2 0
3688	10
# 0 1 4 2 1
5252	22
# 0 1 4 2 2
7701	50
# 0 1 4 2 3
3009071	86
# 0 1 4 3 0
3152	13
# 0 1 4 3 1
565655	21
# 0 1 4 3 2
13942	40
# 0 1 4 3 3
21282	86
# 0 1 4 4 0
207446	12
# 0 1 4 4 1
212048	26
# 0 1 4 4 2
220152	52
# 0 1 4 4 3
214319	119
# 0 1 4 5 0
215875	13
# 0 1 4 5 1
227064	26
# 0 1 4 5 2
251439	52
# 0 1 4 5 3
299339	104
# 0 1 4 6 0
255172	13
# 0 1 4 6 1
299452	26
# 0 1 4 6 2
399673	52
# 0 1 4 6 3
598877	104
Setting up
# 0 2 0 0 0
1192	0
# 0 2 0 0 1
1874	0
# 0 2 0 0 2
2553	0
# 0 2 0 0 3
5632	0
# 0 2 0 1 0
714	0
# 0 2 0 1 1
1687	0
# 0 2 0 1 2
2835	0
# 0 2 0 1 3
4557	0
# 0 2 0 2 0
783	0
# 0 2 0 2 1
1873	0
# 0 2 0 2 2
2783	0
# 0 2 0 2 3
5663	0
# 0 2 0 3 0
1519	0
# 0 2 0 3 1
1691	0
# 0 2 0 3 2
3084	0
# 0 2 0 3 3
6244	0
# 0 2 0 4 0
203928	0
# 0 2 0 4 1
3638	0
# 0 2 0 4 2
6824	0
# 0 2 0 4 3
12998	0
# 0 2 0 5 0
5323	0
# 0 2 0 5 1
9739	0
# 0 2 0 5 2
19170	0
# 0 2 0 5 3
37639	0
# 0 2 0 6 0
19336	0
# 0 2 0 6 1
37986	0
# 0 2 0 6 2
75226	0
# 0 2 0 6 3
143306	0
# 0 2 1 0 0
1676	0
# 0 2 1 0 1
2191	0
# 0 2 1 0 2
3959	0
# 0 2 1 0 3
8392	0
# 0 2 1 1 0
1624	0
# 0 2 1 1 1
2456	0
# 0 2 1 1 2
4299	0
# 0 2 1 1 3
8267	0
# 0 2 1 2 0
1720	0
# 0 2 1 2 1
2141	0
# 0 2 1 2 2
4604	0
# 0 2 1 2 3
7576	0
# 0 2 1 3 0
1973	0
# 0 2 1 3 1
3281	0
# 0 2 1 3 2
5145	0
# 0 2 1 3 3
8798	0
# 0 2 1 4 0
3415	0
# 0 2 1 4 1
5771	0
# 0 2 1 4 2
9738	0
# 0 2 1 4 3
222255	0
# 0 2 1 5 0
211044	0
# 0 2 1 5 1
219031	0
# 0 2 1 5 2
232810	0
# 0 2 1 5 3
264697	0
# 0 2 1 6 0
235499	0
# 0 2 1 6 1
269679	0
# 0 2 1 6 2
333525	0
# 0 2 1 6 3
464412	0
# 0 2 2 0 0
2099	0
# 0 2 2 0 1
4532	0
# 0 2 2 0 2
8552	0
# 0 2 2 0 3
15207	0
# 0 2 2 1 0
2785	0
# 0 2 2 1 1
4440	0
# 0 2 2 1 2
8277	0
# 0 2 2 1 3
13837	0
# 0 2 2 2 0
1965	0
# 0 2 2 2 1
4187	0
# 0 2 2 2 2
6481	0
# 0 2 2 2 3
16966	0
# 0 2 2 3 0
2592	0
# 0 2 2 3 1
5178	0
# 0 2 2 3 2
7998	0
# 0 2 2 3 3
16382	0
# 0 2 2 4 0
207037	0
# 0 2 2 4 1
212830	0
# 0 2 2 4 2
226229	0
# 0 2 2 4 3
243950	0
# 0 2 2 5 0
219790	0
# 0 2 2 5 1
235271	0
# 0 2 2 5 2
264961	0
# 0 2 2 5 3
328242	0
# 0 2 2 6 0
268237	0
# 0 2 2 6 1
331131	0
# 0 2 2 6 2
460391	0
# 0 2 2 6 3
708176	0
# 0 2 3 0 0
3326	3
# 0 2 3 0 1
4920	6
# 0 2 3 0 2
9439	12
# 0 2 3 0 3
18041	24
# 0 2 3 1 0
3444	3
# 0 2 3 1 1
5423	6
# 0 2 3 1 2
9430	12
# 0 2 3 1 3
19450	24
# 0 2 3 2 0
3516	3
# 0 2 3 2 1
5349	6
# 0 2 3 2 2
12427	12
# 0 2 3 2 3
19496	24
# 0 2 3 3 0
3517	3
# 0 2 3 3 1
5406	6
# 0 2 3 3 2
10580	12
# 0 2 3 3 3
20183	27
# 0 2 3 4 0
209687	3
# 0 2 3 4 1
216229	6
# 0 2 3 4 2
230863	12
# 0 2 3 4 3
256931	25
# 0 2 3 5 0
222157	3
# 0 2 3 5 1
240002	6
# 0 2 3 5 2
285442	12
# 0 2 3 5 3
362143	24
# 0 2 3 6 0
285142	3
# 0 2 3 6 1
371052	6
# 0 2 3 6 2
535274	12
# 0 2 3 6 3
845339	24
# 0 2 4 0 0
4598	7
# 0 2 4 0 1
5937	22
# 0 2 4 0 2
8856	46
# 0 2 4 0 3
16963	94
# 0 2 4 1 0
4653	7
# 0 2 4 1 1
7765	17
# 0 2 4 1 2
9177	43
# 0 2 4 1 3
18971	88
# 0 2 4 2 0
4737	7
# 0 2 4 2 1
5741	21
# 0 2 4 2 2
8891	43
# 0 2 4 2 3
19811	88
# 0 2 4 3 0
4275	9
# 0 2 4 3 1
6538	21
# 0 2 4 3 2
9922	47
# 0 2 4 3 3
21416	91
# 0 2 4 4 0
610110	10
# 0 2 4 4 1
215489	22
# 0 2 4 4 2
3007183	41
# 0 2 4 4 3
445791	94
# 0 2 4 5 0
222708	11
# 0 2 4 5 1
3009840	20
# 0 2 4 5 2
289125	44
# 0 2 4 5 3
572781	87
# 0 2 4 6 0
293847	11
# 0 2 4 6 1
372841	22
# 0 2 4 6 2
550054	44
# 0 2 4 6 3
909056	88
Setting up
# 0 3 0 0 0
782	0
# 0 3 0 0 1
2227	0
# 0 3 0 0 2
3160	0
# 0 3 0 0 3
6806	0
# 0 3 0 1 0
1631	0
# 0 3 0 1 1
2423	0
# 0 3 0 1 2
3870	0
# 0 3 0 1 3
5964	0
# 0 3 0 2 0
2083	0
# 0 3 0 2 1
2018	0
# 0 3 0 2 2
2875	0
# 0 3 0 2 3
5690	0
# 0 3 0 3 0
1509	0
# 0 3 0 3 1
2187	0
# 0 3 0 3 2
2787	0
# 0 3 0 3 3
5540	0
# 0 3 0 4 0
204045	0
# 0 3 0 4 1
4086	0
# 0 3 0 4 2
208879	0
# 0 3 0 4 3
215855	0
# 0 3 0 5 0
5523	0
# 0 3 0 5 1
212027	0
# 0 3 0 5 2
21424	0
# 0 3 0 5 3
244102	0
# 0 3 0 6 0
20904	0
# 0 3 0 6 1
34938	0
# 0 3 0 6 2
270762	0
# 0 3 0 6 3
343758	0
# 0 3 1 0 0
1663	0
# 0 3 1 0 1
2024	0
# 0 3 1 0 2
4508	0
# 0 3 1 0 3
8078	0
# 0 3 1 1 0
2175	0
# 0 3 1 1 1
2271	0
# 0 3 1 1 2
4100	0
# 0 3 1 1 3
9652	0
# 0 3 1 2 0
1671	0
# 0 3 1 2 1
2697	0
# 0 3 1 2 2
4158	0
# 0 3 1 2 3
8185	0
# 0 3 1 3 0
1957	0
# 0 3 1 3 1
2954	0
# 0 3 1 3 2
4896	0
# 0 3 1 3 3
11437	0
# 0 3 1 4 0
205170	0
# 0 3 1 4 1
6540	0
# 0 3 1 4 2
213964	0
# 0 3 1 4 3
225206	0
# 0 3 1 5 0
8496	0
# 0 3 1 5 1
220036	0
# 0 3 1 5 2
238102	0
# 0 3 1 5 3
263043	0
# 0 3 1 6 0
36620	0
# 0 3 1 6 1
271145	0
# 0 3 1 6 2
338061	0
# 0 3 1 6 3
470976	0
# 0 3 2 0 0
4783	0
# 0 3 2 0 1
4957	0
# 0 3 2 0 2
9779	0
# 0 3 2 0 3
17900	0
# 0 3 2 1 0
2281	0
# 0 3 2 1 1
5646	0
# 0 3 2 1 2
9246	0
# 0 3 2 1 3
19738	0
# 0 3 2 2 0
2900	0
# 0 3 2 2 1
4830	0
# 0 3 2 2 2
9305	0
# 0 3 2 2 3
19126	0
# 0 3 2 3 0
3736	0
# 0 3 2 3 1
5716	0
# 0 3 2 3 2
10526	0
# 0 3 2 3 3
23214	0
# 0 3 2 4 0
208250	0
# 0 3 2 4 1
216308	0
# 0 3 2 4 2
230143	0
# 0 3 2 4 3
456741	0
# 0 3 2 5 0
223375	0
# 0 3 2 5 1
235126	0
# 0 3 2 5 2
269215	0
# 0 3 2 5 3
339280	0
# 0 3 2 6 0
270474	0
# 0 3 2 6 1
342208	0
# 0 3 2 6 2
475467	0
# 0 3 2 6 3
744495	0
# 0 3 3 0 0
5587	0
# 0 3 3 0 1
10523	0
# 0 3 3 0 2
21308	0
# 0 3 3 0 3
38297	0
# 0 3 3 1 0
5117	0
# 0 3 3 1 1
7970	0
# 0 3 3 1 2
21749	0
# 0 3 3 1 3
38585	0
# 0 3 3 2 0
6357	0
# 0 3 3 2 1
11542	0
# 0 3 3 2 2
18426	0
# 0 3 3 2 3
33966	0
# 0 3 3 3 0
5541	0
# 0 3 3 3 1
8866	0
# 0 3 3 3 2
20123	0
# 0 3 3 3 3
42370	0
# 0 3 3 4 0
217184	0
# 0 3 3 4 1
229121	0
# 0 3 3 4 2
257158	0
# 0 3 3 4 3
305574	0
# 0 3 3 5 0
238807	0
# 0 3 3 5 1
268089	0
# 0 3 3 5 2
330911	0
# 0 3 3 5 3
469855	0
# 0 3 3 6 0
347710	0
# 0 3 3 6 1
474752	0
# 0 3 3 6 2
723885	0
# 0 3 3 6 3
1236818	0
# 0 3 4 0 0
6998	2
# 0 3 4 0 1
8670	14
# 0 3 4 0 2
17242	29
# 0 3 4 0 3
28085	68
# 0 3 4 1 0
6188	5
# 0 3 4 1 1
8104	14
# 0 3 4 1 2
14508	35
# 0 3 4 1 3
25578	68
# 0 3 4 2 0
5287	7
# 0 3 4 2 1
9385	13
# 0 3 4 2 2
17518	30
# 0 3 4 2 3
28736	64
# 0 3 4 3 0
8120	3
# 0 3 4 3 1
11046	14
# 0 3 4 3 2
21200	28
# 0 3 4 3 3
24209	84
# 0 3 4 4 0
415436	7
# 0 3 4 4 1
225494	14
# 0 3 4 4 2
456489	29
# 0 3 4 4 3
298722	56
# 0 3 4 5 0
239354	7
# 0 3 4 5 1
272552	14
# 0 3 4 5 2
751987	28
# 0 3 4 5 3
890339	55
# 0 3 4 6 0
347193	7
# 0 3 4 6 1
502439	14
# 0 3 4 6 2
811086	28
# 0 3 4 6 3
1385812	56
Setting up
# 0 4 0 0 0
868	0
# 0 4 0 0 1
1639	0
# 0 4 0 0 2
2665	0
# 0 4 0 0 3
5278	0
# 0 4 0 1 0
1038	0
# 0 4 0 1 1
1328	0
# 0 4 0 1 2
2754	0
# 0 4 0 1 3
4512	0
# 0 4 0 2 0
1267	0
# 0 4 0 2 1
1401	0
# 0 4 0 2 2
2421	0
# 0 4 0 2 3
5420	0
# 0 4 0 3 0
932	0
# 0 4 0 3 1
2010	0
# 0 4 0 3 2
3794	0
# 0 4 0 3 3
6403	0
# 0 4 0 4 0
2178	0
# 0 4 0 4 1
3783	0
# 0 4 0 4 2
208857	0
# 0 4 0 4 3
215434	0
# 0 4 0 5 0
5617	0
# 0 4 0 5 1
10281	0
# 0 4 0 5 2
220939	0
# 0 4 0 5 3
36777	0
# 0 4 0 6 0
16898	0
# 0 4 0 6 1
34347	0
# 0 4 0 6 2
66322	0
# 0 4 0 6 3
137465	0
# 0 4 1 0 0
1685	0
# 0 4 1 0 1
2193	0
# 0 4 1 0 2
3483	0
# 0 4 1 0 3
8134	0
# 0 4 1 1 0
1714	0
# 0 4 1 1 1
2176	0
# 0 4 1 1 2
3616	0
# 0 4 1 1 3
6957	0
# 0 4 1 2 0
1774	0
# 0 4 1 2 1
2600	0
# 0 4 1 2 2
3799	0
# 0 4 1 2 3
7774	0
# 0 4 1 3 0
1932	0
# 0 4 1 3 1
3149	0
# 0 4 1 3 2
4762	0
# 0 4 1 3 3
9387	0
# 0 4 1 4 0
204918	0
# 0 4 1 4 1
206911	0
# 0 4 1 4 2
10446	0
# 0 4 1 4 3
223542	0
# 0 4 1 5 0
210155	0
# 0 4 1 5 1
218842	0
# 0 4 1 5 2
233578	0
# 0 4 1 5 3
263674	0
# 0 4 1 6 0
34831	0
# 0 4 1 6 1
270391	0
# 0 4 1 6 2
345004	0
# 0 4 1 6 3
457247	0
# 0 4 2 0 0
1696	0
# 0 4 2 0 1
4187	0
# 0 4 2 0 2
7222	0
# 0 4 2 0 3
14658	0
# 0 4 2 1 0
2657	0
# 0 4 2 1 1
4357	0
# 0 4 2 1 2
10021	0
# 0 4 2 1 3
15503	0
# 0 4 2 2 0
2066	0
# 0 4 2 2 1
4782	0
# 0 4 2 2 2
7661	0
# 0 4 2 2 3
15480	0
# 0 4 2 3 0
2860	0
# 0 4 2 3 1
4877	0
# 0 4 2 3 2
8142	0
# 0 4 2 3 3
15069	0
# 0 4 2 4 0
6279	0
# 0 4 2 4 1
11532	0
# 0 4 2 4 2
224343	0
# 0 4 2 4 3
246782	0
# 0 4 2 5 0
218478	0
# 0 4 2 5 1
33699	0
# 0 4 2 5 2
271700	0
# 0 4 2 5 3
335544	0
# 0 4 2 6 0
276597	0
# 0 4 2 6 1
338453	0
# 0 4 2 6 2
472399	0
# 0 4 2 6 3
729192	0
# 0 4 3 0 0
3409	0
# 0 4 3 0 1
6304	0
# 0 4 3 0 2
14018	0
# 0 4 3 0 3
30976	0
# 0 4 3 1 0
3936	0
# 0 4 3 1 1
8085	0
# 0 4 3 1 2
13093	0
# 0 4 3 1 3
24759	0
# 0 4 3 2 0
4349	0
# 0 4 3 2 1
8120	0
# 0 4 3 2 2
16435	0
# 0 4 3 2 3
28495	0
# 0 4 3 3 0
3950	0
# 0 4 3 3 1
9825	0
# 0 4 3 3 2
14859	0
# 0 4 3 3 3
34784	0
# 0 4 3 4 0
215164	0
# 0 4 3 4 1
20005	0
# 0 4 3 4 2
240571	0
# 0 4 3 4 3
286833	0
# 0 4 3 5 0
236478	0
# 0 4 3 5 1
266359	0
# 0 4 3 5 2
529999	0
# 0 4 3 5 3
457118	0
# 0 4 3 6 0
334036	0
# 0 4 3 6 1
466588	0
# 0 4 3 6 2
725650	0
# 0 4 3 6 3
1247690	0
# 0 4 4 0 0
7714	0
# 0 4 4 0 1
16014	0
# 0 4 4 0 2
30143	0
# 0 4 4 0 3
56711	0
# 0 4 4 1 0
7718	0
# 0 4 4 1 1
12713	0
# 0 4 4 1 2
28127	0
# 0 4 4 1 3
53597	0
# 0 4 4 2 0
9110	0
# 0 4 4 2 1
16443	0
# 0 4 4 2 2
28164	0
# 0 4 4 2 3
46753	0
# 0 4 4 3 0
9973	0
# 0 4 4 3 1
17339	0
# 0 4 4 3 2
30263	0
# 0 4 4 3 3
68186	0
# 0 4 4 4 0
625686	0
# 0 4 4 4 1
243097	0
# 0 4 4 4 2
482699	0
# 0 4 4 4 3
775880	0
# 0 4 4 5 0
469551	0
# 0 4 4 5 1
529653	0
# 0 4 4 5 2
648488	0
# 0 4 4 5 3
895320	0
# 0 4 4 6 0
3266195	0
# 0 4 4 6 1
718008	0
# 0 4 4 6 2
1456497	0
# 0 4 4 6 3
2322953	0
Setting up
# 0 5 0 0 0
1631	0
# 0 5 0 0 1
1012	0
# 0 5 0 0 2
2265	0
# 0 5 0 0 3
5417	0
# 0 5 0 1 0
1110	0
# 0 5 0 1 1
1792	0
# 0 5 0 1 2
2561	0
# 0 5 0 1 3
4642	0
# 0 5 0 2 0
1251	0
# 0 5 0 2 1
1447	0
# 0 5 0 2 2
2302	0
# 0 5 0 2 3
5380	0
# 0 5 0 3 0
1235	0
# 0 5 0 3 1
1528	0
# 0 5 0 3 2
3290	0
# 0 5 0 3 3
5627	0
# 0 5 0 4 0
1957	0
# 0 5 0 4 1
205823	0
# 0 5 0 4 2
209798	0
# 0 5 0 4 3
215981	0
# 0 5 0 5 0
5774	0
# 0 5 0 5 1
10856	0
# 0 5 0 5 2
224220	0
# 0 5 0 5 3
245516	0
# 0 5 0 6 0
19099	0
# 0 5 0 6 1
238303	0
# 0 5 0 6 2
278104	0
# 0 5 0 6 3
354498	0
# 0 5 1 0 0
1649	0
# 0 5 1 0 1
2120	0
# 0 5 1 0 2
3541	0
# 0 5 1 0 3
7703	0
# 0 5 1 1 0
1543	0
# 0 5 1 1 1
2117	0
# 0 5 1 1 2
3779	0
# 0 5 1 1 3
8421	0
# 0 5 1 2 0
1561	0
# 0 5 1 2 1
2828	0
# 0 5 1 2 2
4578	0
# 0 5 1 2 3
7838	0
# 0 5 1 3 0
1676	0
# 0 5 1 3 1
2759	0
# 0 5 1 3 2
4651	0
# 0 5 1 3 3
8666	0
# 0 5 1 4 0
3209	0
# 0 5 1 4 1
208458	0
# 0 5 1 4 2
414907	0
# 0 5 1 4 3
426575	0
# 0 5 1 5 0
212205	0
# 0 5 1 5 1
19532	0
# 0 5 1 5 2
231457	0
# 0 5 1 5 3
267005	0
# 0 5 1 6 0
239652	0
# 0 5 1 6 1
270275	0
# 0 5 1 6 2
337655	0
# 0 5 1 6 3
466806	0
# 0 5 2 0 0
2165	0
# 0 5 2 0 1
4695	0
# 0 5 2 0 2
7708	0
# 0 5 2 0 3
13732	0
# 0 5 2 1 0
2690	0
# 0 5 2 1 1
3810	0
# 0 5 2 1 2
7100	0
# 0 5 2 1 3
12228	0
# 0 5 2 2 0
2412	0
# 0 5 2 2 1
3992	0
# 0 5 2 2 2
6606	0
# 0 5 2 2 3
16418	0
# 0 5 2 3 0
3068	0
# 0 5 2 3 1
4775	0
# 0 5 2 3 2
9399	0
# 0 5 2 3 3
17070	0
# 0 5 2 4 0
209463	0
# 0 5 2 4 1
215020	0
# 0 5 2 4 2
223797	0
# 0 5 2 4 3
243346	0
# 0 5 2 5 0
218180	0
# 0 5 2 5 1
234237	0
# 0 5 2 5 2
268818	0
# 0 5 2 5 3
322090	0
# 0 5 2 6 0
267478	0
# 0 5 2 6 1
335458	0
# 0 5 2 6 2
462832	0
# 0 5 2 6 3
747785	0
# 0 5 3 0 0
3726	0
# 0 5 3 0 1
7332	0
# 0 5 3 0 2
15361	0
# 0 5 3 0 3
30342	0
# 0 5 3 1 0
3647	0
# 0 5 3 1 1
8359	0
# 0 5 3 1 2
15471	0
# 0 5 3 1 3
27473	0
# 0 5 3 2 0
4233	0
# 0 5 3 2 1
7890	0
# 0 5 3 2 2
15558	0
# 0 5 3 2 3
26352	0
# 0 5 3 3 0
4768	0
# 0 5 3 3 1
8602	0
# 0 5 3 3 2
17274	0
# 0 5 3 3 3
32216	0
# 0 5 3 4 0
215344	0
# 0 5 3 4 1
224109	0
# 0 5 3 4 2
247179	0
# 0 5 3 4 3
297322	0
# 0 5 3 5 0
234597	0
# 0 5 3 5 1
268419	0
# 0 5 3 5 2
324793	0
# 0 5 3 5 3
448164	0
# 0 5 3 6 0
345174	0
# 0 5 3 6 1
460651	0
# 0 5 3 6 2
727861	0
# 0 5 3 6 3
1455508	0
# 0 5 4 0 0
7637	0
# 0 5 4 0 1
16901	0
# 0 5 4 0 2
28241	0
# 0 5 4 0 3
56914	0
# 0 5 4 1 0
7663	0
# 0 5 4 1 1
14816	0
# 0 5 4 1 2
31675	0
# 0 5 4 1 3
63164	0
# 0 5 4 2 0
8956	0
# 0 5 4 2 1
17088	0
# 0 5 4 2 2
30695	0
# 0 5 4 2 3
63313	0
# 0 5 4 3 0
8599	0
# 0 5 4 3 1
14151	0
# 0 5 4 3 2
34219	0
# 0 5 4 3 3
67570	0
# 0 5 4 4 0
626403	0
# 0 5 4 4 1
446601	0
# 0 5 4 4 2
3006458	0
# 0 5 4 4 3
789138	0
# 0 5 4 5 0
670453	0
# 0 5 4 5 1
528782	0
# 0 5 4 5 2
651120	0
# 0 5 4 5 3
896521	0
# 0 5 4 6 0
469031	0
# 0 5 4 6 1
725998	0
# 0 5 4 6 2
1267481	0
# 0 5 4 6 3
2244855	0
Setting up
# 1 0 0 0 0
1213	0
# 1 0 0 0 1
1773	0
# 1 0 0 0 2
2572	0
# 1 0 0 0 3
3860	0
# 1 0 0 1 0
1159	0
# 1 0 0 1 1
1118	0
# 1 0 0 1 2
2322	0
# 1 0 0 1 3
4712	0
# 1 0 0 2 0
1274	0
# 1 0 0 2 1
1408	0
# 1 0 0 2 2
2849	0
# 1 0 0 2 3
5081	0
# 1 0 0 3 0
1428	0
# 1 0 0 3 1
2041	0
# 1 0 0 3 2
3625	0
# 1 0 0 3 3
6778	0
# 1 0 0 4 0
2423	0
# 1 0 0 4 1
204836	0
# 1 0 0 4 2
208505	0
# 1 0 0 4 3
214261	0
# 1 0 0 5 0
5952	0
# 1 0 0 5 1
211246	0
# 1 0 0 5 2
21632	0
# 1 0 0 5 3
41298	0
# 1 0 0 6 0
218900	0
# 1 0 0 6 1
33738	0
# 1 0 0 6 2
273405	0
# 1 0 0 6 3
341519	0
# 1 0 1 0 0
1273	0
# 1 0 1 0 1
1943	0
# 1 0 1 0 2
4343	0
# 1 0 1 0 3
7369	2
# 1 0 1 1 0
1521	0
# 1 0 1 1 1
1911	0
# 1 0 1 1 2
4367	0
# 1 0 1 1 3
7684	0
# 1 0 1 2 0
1152	0
# 1 0 1 2 1
2002	0
# 1 0 1 2 2
3011	0
# 1 0 1 2 3
9369	1
# 1 0 1 3 0
1947	0
# 1 0 1 3 1
2533	1
# 1 0 1 3 2
4318	0
# 1 0 1 3 3
7349	0
# 1 0 1 4 0
3061	0
# 1 0 1 4 1
206625	0
# 1 0 1 4 2
210024	0
# 1 0 1 4 3
216534	0
# 1 0 1 5 0
209181	0
# 1 0 1 5 1
212505	1
# 1 0 1 5 2
223350	0
# 1 0 1 5 3
252484	1
# 1 0 1 6 0
229162	0
# 1 0 1 6 1
244929	0
# 1 0 1 6 2
287285	0
# 1 0 1 6 3
558655	0
# 1 0 2 0 0
5118	0
# 1 0 2 0 1
3647	1
# 1 0 2 0 2
5005	5
# 1 0 2 0 3
10080	10
# 1 0 2 1 0
844	3
# 1 0 2 1 1
3253	2
# 1 0 2 1 2
4859	4
# 1 0 2 1 3
10642	13
# 1 0 2 2 0
2371	0
# 1 0 2 2 1
2974	2
# 1 0 2 2 2
5024	5
# 1 0 2 2 3
10022	9
# 1 0 2 3 0
2548	0
# 1 0 2 3 1
2962	2
# 1 0 2 3 2
6255	5
# 1 0 2 3 3
12063	8
# 1 0 2 4 0
202950	1
# 1 0 2 4 1
205616	3
# 1 0 2 4 2
211885	6
# 1 0 2 4 3
218777	16
# 1 0 2 5 0
212637	1
# 1 0 2 5 1
220006	2
# 1 0 2 5 2
235288	5
# 1 0 2 5 3
253116	17
# 1 0 2 6 0
218890	1
# 1 0 2 6 1
240640	2
# 1 0 2 6 2
330217	5
# 1 0 2 6 3
451187	11
# 1 0 3 0 0
3935	1
# 1 0 3 0 1
3857	12
# 1 0 3 0 2
7196	16
# 1 0 3 0 3
12507	33
# 1 0 3 1 0
2397	4
# 1 0 3 1 1
4713	6
# 1 0 3 1 2
5421	20
# 1 0 3 1 3
13154	27
# 1 0 3 2 0
2208	3
# 1 0 3 2 1
4579	6
# 1 0 3 2 2
6988	17
# 1 0 3 2 3
11343	38
# 1 0 3 3 0
2788	3
# 1 0 3 3 1
4553	6
# 1 0 3 3 2
8202	14
# 1 0 3 3 3
17110	26
# 1 0 3 4 0
206875	5
# 1 0 3 4 1
209555	10
# 1 0 3 4 2
213030	20
# 1 0 3 4 3
225411	44
# 1 0 3 5 0
213320	5
# 1 0 3 5 1
223346	11
# 1 0 3 5 2
238484	20
# 1 0 3 5 3
273541	41
# 1 0 3 6 0
237636	5
# 1 0 3 6 1
263841	10
# 1 0 3 6 2
346086	20
# 1 0 3 6 3
385559	48
# 1 0 4 0 0
4365	7
# 1 0 4 0 1
4533	23
# 1 0 4 0 2
3005891	39
# 1 0 4 0 3
3005988	71
# 1 0 4 1 0
5009	6
# 1 0 4 1 1
5787	18
# 1 0 4 1 2
7700	46
# 1 0 4 1 3
3005484	83
# 1 0 4 2 0
2586	11
# 1 0 4 2 1
3001354	19
# 1 0 4 2 2
6486	48
# 1 0 4 2 3
3006038	68
# 1 0 4 3 0
4925	7
# 1 0 4 3 1
3002414	19
# 1 0 4 3 2
225065	50
# 1 0 4 3 3
16263	94
# 1 0 4 4 0
3001548	10
# 1 0 4 4 1
209770	26
# 1 0 4 4 2
413166	54
# 1 0 4 4 3
221545	112
# 1 0 4 5 0
210704	13
# 1 0 4 5 1
218842	26
# 1 0 4 5 2
236425	53
# 1 0 4 5 3
255047	111
# 1 0 4 6 0
238058	13
# 1 0 4 6 1
240119	26
# 1 0 4 6 2
327395	52
# 1 0 4 6 3
472415	104
Setting up
# 1 1 0 0 0
969	0
# 1 1 0 0 1
2380	0
# 1 1 0 0 2
3972	0
# 1 1 0 0 3
5414	0
# 1 1 0 1 0
1360	0
# 1 1 0 1 1
1723	0
# 1 1 0 1 2
3636	0
# 1 1 0 1 3
7575	0
# 1 1 0 2 0
877	0
# 1 1 0 2 1
2280	0
# 1 1 0 2 2
2678	0
# 1 1 0 2 3
5062	0
# 1 1 0 3 0
1347	0
# 1 1 0 3 1
2117	0
# 1 1 0 3 2
3204	0
# 1 1 0 3 3
6543	0
# 1 1 0 4 0
203995	0
# 1 1 0 4 1
206136	0
# 1 1 0 4 2
209749	0
# 1 1 0 4 3
216898	0
# 1 1 0 5 0
6014	0
# 1 1 0 5 1
11308	0
# 1 1 0 5 2
23276	0
# 1 1 0 5 3
43592	0
# 1 1 0 6 0
21942	0
# 1 1 0 6 1
37571	0
# 1 1 0 6 2
274852	0
# 1 1 0 6 3
342360	0
# 1 1 1 0 0
1488	0
# 1 1 1 0 1
2663	0
# 1 1 1 0 2
4282	0
# 1 1 1 0 3
8060	0
# 1 1 1 1 0
1771	0
# 1 1 1 1 1
1954	0
# 1 1 1 1 2
4458	0
# 1 1 1 1 3
8029	0
# 1 1 1 2 0
4528	0
# 1 1 1 2 1
2693	0
# 1 1 1 2 2
4238	0
# 1 1 1 2 3
8376	0
# 1 1 1 3 0
4568	0
# 1 1 1 3 1
3067	0
# 1 1 1 3 2
5667	0
# 1 1 1 3 3
10597	0
# 1 1 1 4 0
206100	0
# 1 1 1 4 1
208542	0
# 1 1 1 4 2
212255	0
# 1 1 1 4 3
218387	0
# 1 1 1 5 0
8745	0
# 1 1 1 5 1
17476	0
# 1 1 1 5 2
28033	0
# 1 1 1 5 3
251751	0
# 1 1 1 6 0
29515	0
# 1 1 1 6 1
247335	0
# 1 1 1 6 2
283285	0
# 1 1 1 6 3
360254	0
# 1 1 2 0 0
1945	0
# 1 1 2 0 1
3437	0
# 1 1 2 0 2
7319	0
# 1 1 2 0 3
13648	3
# 1 1 2 1 0
1462	1
# 1 1 2 1 1
3702	0
# 1 1 2 1 2
8273	0
# 1 1 2 1 3
15277	5
# 1 1 2 2 0
2125	1
# 1 1 2 2 1
2615	2
# 1 1 2 2 2
7031	2
# 1 1 2 2 3
15390	2
# 1 1 2 3 0
1762	1
# 1 1 2 3 1
3678	2
# 1 1 2 3 2
7380	0
# 1 1 2 3 3
15162	1
# 1 1 2 4 0
206045	1
# 1 1 2 4 1
210369	1
# 1 1 2 4 2
218141	1
# 1 1 2 4 3
229141	6
# 1 1 2 5 0
214278	0
# 1 1 2 5 1
226758	0
# 1 1 2 5 2
249988	1
# 1 1 2 5 3
289202	1
# 1 1 2 6 0
238520	1
# 1 1 2 6 1
250556	1
# 1 1 2 6 2
374794	1
# 1 1 2 6 3
550360	1
# 1 1 3 0 0
2740	3
# 1 1 3 0 1
4930	6
# 1 1 3 0 2
7241	16
# 1 1 3 0 3
15127	24
# 1 1 3 1 0
2632	3
# 1 1 3 1 1
4846	7
# 1 1 3 1 2
8298	13
# 1 1 3 1 3
12851	32
# 1 1 3 2 0
3081	1
# 1 1 3 2 1
3870	8
# 1 1 3 2 2
7490	15
# 1 1 3 2 3
16051	27
# 1 1 3 3 0
4234	1
# 1 1 3 3 1
6617	5
# 1 1 3 3 2
9744	12
# 1 1 3 3 3
16651	34
# 1 1 3 4 0
206710	4
# 1 1 3 4 1
210047	9
# 1 1 3 4 2
215641	18
# 1 1 3 4 3
234003	32
# 1 1 3 5 0
220009	2
# 1 1 3 5 1
227547	7
# 1 1 3 5 2
247134	16
# 1 1 3 5 3
291533	33
# 1 1 3 6 0
247744	4
# 1 1 3 6 1
286763	8
# 1 1 3 6 2
377181	16
# 1 1 3 6 3
539177	32
# 1 1 4 0 0
4039	8
# 1 1 4 0 1
204577	19
# 1 1 4 0 2
3007227	25
# 1 1 4 0 3
15239	96
# 1 1 4 1 0
3337	10
# 1 1 4 1 1
3001145	19
# 1 1 4 1 2
8059	46
# 1 1 4 1 3
631498	86
# 1 1 4 2 0
4990	6
# 1 1 4 2 1
6859	16
# 1 1 4 2 2
8347	46
# 1 1 4 2 3
3006641	73
# 1 1 4 3 0
4449	10
# 1 1 4 3 1
5039	23
# 1 1 4 3 2
3009240	26
# 1 1 4 3 3
217461	85
# 1 1 4 4 0
313177	10
# 1 1 4 4 1
274043	23
# 1 1 4 4 2
230796	48
# 1 1 4 4 3
3228839	72
# 1 1 4 5 0
215378	12
# 1 1 4 5 1
220167	25
# 1 1 4 5 2
245860	49
# 1 1 4 5 3
286491	101
# 1 1 4 6 0
253000	12
# 1 1 4 6 1
295908	24
# 1 1 4 6 2
384073	48
# 1 1 4 6 3
3378748	80
Setting up
# 1 2 0 0 0
1353	0
# 1 2 0 0 1
1767	0
# 1 2 0 0 2
2711	0
# 1 2 0 0 3
5227	0
# 1 2 0 1 0
1094	0
# 1 2 0 1 1
1934	0
# 1 2 0 1 2
2502	0
# 1 2 0 1 3
4711	0
# 1 2 0 2 0
690	0
# 1 2 0 2 1
1962	0
# 1 2 0 2 2
2558	0
# 1 2 0 2 3
4721	0
# 1 2 0 3 0
1217	0
# 1 2 0 3 1
2133	0
# 1 2 0 3 2
2889	0
# 1 2 0 3 3
5799	0
# 1 2 0 4 0
2656	0
# 1 2 0 4 1
4069	0
# 1 2 0 4 2
208092	0
# 1 2 0 4 3
216484	0
# 1 2 0 5 0
5881	0
# 1 2 0 5 1
10201	0
# 1 2 0 5 2
20158	0
# 1 2 0 5 3
243354	0
# 1 2 0 6 0
21001	0
# 1 2 0 6 1
236835	0
# 1 2 0 6 2
274471	0
# 1 2 0 6 3
360130	0
# 1 2 1 0 0
1198	0
# 1 2 1 0 1
2045	0
# 1 2 1 0 2
3656	0
# 1 2 1 0 3
7395	0
# 1 2 1 1 0
1677	0
# 1 2 1 1 1
1958	0
# 1 2 1 1 2
5270	0
# 1 2 1 1 3
8305	0
# 1 2 1 2 0
1112	0
# 1 2 1 2 1
2172	0
# 1 2 1 2 2
3597	0
# 1 2 1 2 3
7142	0
# 1 2 1 3 0
1622	0
# 1 2 1 3 1
2677	0
# 1 2 1 3 2
4637	0
# 1 2 1 3 3
8745	0
# 1 2 1 4 0
204967	0
# 1 2 1 4 1
208144	0
# 1 2 1 4 2
211410	0
# 1 2 1 4 3
220753	0
# 1 2 1 5 0
210193	0
# 1 2 1 5 1
18605	0
# 1 2 1 5 2
29268	0
# 1 2 1 5 3
249252	0
# 1 2 1 6 0
225704	0
# 1 2 1 6 1
44971	0
# 1 2 1 6 2
285427	0
# 1 2 1 6 3
386188	0
# 1 2 2 0 0
2372	0
# 1 2 2 0 1
5619	0
# 1 2 2 0 2
9279	0
# 1 2 2 0 3
14960	0
# 1 2 2 1 0
1841	0
# 1 2 2 1 1
4598	0
# 1 2 2 1 2
6748	0
# 1 2 2 1 3
15052	0
# 1 2 2 2 0
1856	0
# 1 2 2 2 1
4826	0
# 1 2 2 2 2
9103	0
# 1 2 2 2 3
12589	0
# 1 2 2 3 0
2411	0
# 1 2 2 3 1
6724	0
# 1 2 2 3 2
7988	0
# 1 2 2 3 3
15515	0
# 1 2 2 4 0
206953	0
# 1 2 2 4 1
205703	0
# 1 2 2 4 2
219037	0
# 1 2 2 4 3
233705	0
# 1 2 2 5 0
212446	0
# 1 2 2 5 1
226786	0
# 1 2 2 5 2
248112	0
# 1 2 2 5 3
462366	0
# 1 2 2 6 0
241424	0
# 1 2 2 6 1
290223	0
# 1 2 2 6 2
410263	0
# 1 2 2 6 3
542518	0
# 1 2 3 0 0
2831	2
# 1 2 3 0 1
5000	4
# 1 2 3 0 2
9190	8
# 1 2 3 0 3
26696	16
# 1 2 3 1 0
4290	2
# 1 2 3 1 1
6174	4
# 1 2 3 1 2
9003	9
# 1 2 3 1 3
20330	20
# 1 2 3 2 0
5345	0
# 1 2 3 2 1
8928	0
# 1 2 3 2 2
10980	8
# 1 2 3 2 3
21399	17
# 1 2 3 3 0
4705	0
# 1 2 3 3 1
7139	3
# 1 2 3 3 2
10728	11
# 1 2 3 3 3
31338	17
# 1 2 3 4 0
7230	2
# 1 2 3 4 1
214780	5
# 1 2 3 4 2
220601	10
# 1 2 3 4 3
253150	16
# 1 2 3 5 0
222357	1
# 1 2 3 5 1
245931	4
# 1 2 3 5 2
276789	8
# 1 2 3 5 3
334247	16
# 1 2 3 6 0
270817	2
# 1 2 3 6 1
338095	4
# 1 2 3 6 2
461292	8
# 1 2 3 6 3
722138	16
# 1 2 4 0 0
4858	6
# 1 2 4 0 1
6187	20
# 1 2 4 0 2
204340	39
# 1 2 4 0 3
19429	83
# 1 2 4 1 0
3614	8
# 1 2 4 1 1
6744	20
# 1 2 4 1 2
223993	35
# 1 2 4 1 3
20925	82
# 1 2 4 2 0
4078	8
# 1 2 4 2 1
5679	19
# 1 2 4 2 2
11873	41
# 1 2 4 2 3
23226	83
# 1 2 4 3 0
5058	8
# 1 2 4 3 1
6488	20
# 1 2 4 3 2
3010417	15
# 1 2 4 3 3
19853	89
# 1 2 4 4 0
208962	10
# 1 2 4 4 1
217830	20
# 1 2 4 4 2
231094	41
# 1 2 4 4 3
435415	95
# 1 2 4 5 0
761001	9
# 1 2 4 5 1
231991	20
# 1 2 4 5 2
270103	41
# 1 2 4 5 3
801261	85
# 1 2 4 6 0
266443	10
# 1 2 4 6 1
341054	20
# 1 2 4 6 2
452235	41
# 1 2 4 6 3
706259	80
Setting up
# 1 3 0 0 0
1147	0
# 1 3 0 0 1
1420	0
# 1 3 0 0 2
2618	0
# 1 3 0 0 3
4982	0
# 1 3 0 1 0
1284	0
# 1 3 0 1 1
1301	0
# 1 3 0 1 2
3139	0
# 1 3 0 1 3
4797	0
# 1 3 0 2 0
1284	0
# 1 3 0 2 1
1250	0
# 1 3 0 2 2
2689	0
# 1 3 0 2 3
5303	0
# 1 3 0 3 0
799	0
# 1 3 0 3 1
1649	0
# 1 3 0 3 2
4937	0
# 1 3 0 3 3
5473	0
# 1 3 0 4 0
1792	0
# 1 3 0 4 1
204927	0
# 1 3 0 4 2
209723	0
# 1 3 0 4 3
216548	0
# 1 3 0 5 0
5584	0
# 1 3 0 5 1
9797	0
# 1 3 0 5 2
221772	0
# 1 3 0 5 3
41252	0
# 1 3 0 6 0
218668	0
# 1 3 0 6 1
244332	0
# 1 3 0 6 2
279584	0
# 1 3 0 6 3
351487	0
# 1 3 1 0 0
1652	0
# 1 3 1 0 1
2028	0
# 1 3 1 0 2
4894	0
# 1 3 1 0 3
8336	0
# 1 3 1 1 0
1298	0
# 1 3 1 1 1
2772	0
# 1 3 1 1 2
3881	0
# 1 3 1 1 3
7825	0
# 1 3 1 2 0
1271	0
# 1 3 1 2 1
2427	0
# 1 3 1 2 2
3399	0
# 1 3 1 2 3
8330	0
# 1 3 1 3 0
1919	0
# 1 3 1 3 1
2592	0
# 1 3 1 3 2
4668	0
# 1 3 1 3 3
13423	0
# 1 3 1 4 0
204020	0
# 1 3 1 4 1
209603	0
# 1 3 1 4 2
212663	0
# 1 3 1 4 3
417673	0
# 1 3 1 5 0
210741	0
# 1 3 1 5 1
216094	0
# 1 3 1 5 2
228747	0
# 1 3 1 5 3
252009	0
# 1 3 1 6 0
22050	0
# 1 3 1 6 1
50744	0
# 1 3 1 6 2
279697	0
# 1 3 1 6 3
342979	0
# 1 3 2 0 0
2255	0
# 1 3 2 0 1
3841	0
# 1 3 2 0 2
9288	0
# 1 3 2 0 3
14858	0
# 1 3 2 1 0
2118	0
# 1 3 2 1 1
4563	0
# 1 3 2 1 2
7799	0
# 1 3 2 1 3
15676	0
# 1 3 2 2 0
2046	0
# 1 3 2 2 1
4037	0
# 1 3 2 2 2
6747	0
# 1 3 2 2 3
14648	0
# 1 3 2 3 0
2473	0
# 1 3 2 3 1
4334	0
# 1 3 2 3 2
7725	0
# 1 3 2 3 3
13024	0
# 1 3 2 4 0
206317	0
# 1 3 2 4 1
208702	0
# 1 3 2 4 2
420584	0
# 1 3 2 4 3
433798	0
# 1 3 2 5 0
213488	0
# 1 3 2 5 1
224378	0
# 1 3 2 5 2
244123	0
# 1 3 2 5 3
290820	0
# 1 3 2 6 0
250666	0
# 1 3 2 6 1
290412	0
# 1 3 2 6 2
368381	0
# 1 3 2 6 3
525022	0
# 1 3 3 0 0
3783	0
# 1 3 3 0 1
7323	0
# 1 3 3 0 2
14067	0
# 1 3 3 0 3
27947	0
# 1 3 3 1 0
4104	0
# 1 3 3 1 1
7485	0
# 1 3 3 1 2
15020	0
# 1 3 3 1 3
30403	0
# 1 3 3 2 0
3746	0
# 1 3 3 2 1
6379	0
# 1 3 3 2 2
13248	0
# 1 3 3 2 3
28093	0
# 1 3 3 3 0
4850	0
# 1 3 3 3 1
7853	0
# 1 3 3 3 2
205984	0
# 1 3 3 3 3
33660	0
# 1 3 3 4 0
229818	0
# 1 3 3 4 1
229215	0
# 1 3 3 4 2
243946	0
# 1 3 3 4 3
269582	0
# 1 3 3 5 0
224291	0
# 1 3 3 5 1
241766	0
# 1 3 3 5 2
297979	0
# 1 3 3 5 3
392498	0
# 1 3 3 6 0
276021	0
# 1 3 3 6 1
374101	0
# 1 3 3 6 2
546965	0
# 1 3 3 6 3
916040	0
# 1 3 4 0 0
6082	3
# 1 3 4 0 1
10026	11
# 1 3 4 0 2
18302	24
# 1 3 4 0 3
206265	62
# 1 3 4 1 0
5384	4
# 1 3 4 1 1
3004293	1
# 1 3 4 1 2
17736	24
# 1 3 4 1 3
24435	72
# 1 3 4 2 0
7296	6
# 1 3 4 2 1
232347	10
# 1 3 4 2 2
21836	24
# 1 3 4 2 3
26375	73
# 1 3 4 3 0
5670	5
# 1 3 4 3 1
218507	9
# 1 3 4 3 2
18820	28
# 1 3 4 3 3
40501	57
# 1 3 4 4 0
619177	6
# 1 3 4 4 1
223715	12
# 1 3 4 4 2
251151	25
# 1 3 4 4 3
486768	50
# 1 3 4 5 0
225052	6
# 1 3 4 5 1
264743	12
# 1 3 4 5 2
443867	24
# 1 3 4 5 3
446292	48
# 1 3 4 6 0
304180	6
# 1 3 4 6 1
423547	12
# 1 3 4 6 2
632556	24
# 1 3 4 6 3
1083323	48
Setting up
# 1 4 0 0 0
824	0
# 1 4 0 0 1
1488	0
# 1 4 0 0 2
2750	0
# 1 4 0 0 3
4517	0
# 1 4 0 1 0
1081	0
# 1 4 0 1 1
1783	0
# 1 4 0 1 2
5386	0
# 1 4 0 1 3
4348	0
# 1 4 0 2 0
1016	0
# 1 4 0 2 1
2019	0
# 1 4 0 2 2
3190	0
# 1 4 0 2 3
5136	0
# 1 4 0 3 0
1339	0
# 1 4 0 3 1
1930	0
# 1 4 0 3 2
3177	0
# 1 4 0 3 3
5856	0
# 1 4 0 4 0
2466	0
# 1 4 0 4 1
206000	0
# 1 4 0 4 2
208943	0
# 1 4 0 4 3
216440	0
# 1 4 0 5 0
5934	0
# 1 4 0 5 1
212915	0
# 1 4 0 5 2
222824	0
# 1 4 0 5 3
42424	0
# 1 4 0 6 0
219144	0
# 1 4 0 6 1
238124	0
# 1 4 0 6 2
276920	0
# 1 4 0 6 3
360051	0
# 1 4 1 0 0
1332	0
# 1 4 1 0 1
2223	0
# 1 4 1 0 2
3882	0
# 1 4 1 0 3
7028	0
# 1 4 1 1 0
1235	0
# 1 4 1 1 1
2596	0
# 1 4 1 1 2
4414	0
# 1 4 1 1 3
8909	0
# 1 4 1 2 0
1746	0
# 1 4 1 2 1
2267	0
# 1 4 1 2 2
4661	0
# 1 4 1 2 3
6516	0
# 1 4 1 3 0
1483	0
# 1 4 1 3 1
2699	0
# 1 4 1 3 2
4773	0
# 1 4 1 3 3
8945	0
# 1 4 1 4 0
3799	0
# 1 4 1 4 1
206692	0
# 1 4 1 4 2
212577	0
# 1 4 1 4 3
219272	0
# 1 4 1 5 0
209088	0
# 1 4 1 5 1
14382	0
# 1 4 1 5 2
231296	0
# 1 4 1 5 3
247785	0
# 1 4 1 6 0
225921	0
# 1 4 1 6 1
247932	0
# 1 4 1 6 2
288154	0
# 1 4 1 6 3
556967	0
# 1 4 2 0 0
2366	0
# 1 4 2 0 1
4173	0
# 1 4 2 0 2
7398	0
# 1 4 2 0 3
13902	0
# 1 4 2 1 0
1911	0
# 1 4 2 1 1
3984	0
# 1 4 2 1 2
8251	0
# 1 4 2 1 3
14319	0
# 1 4 2 2 0
2171	0
# 1 4 2 2 1
3497	0
# 1 4 2 2 2
7263	0
# 1 4 2 2 3
15842	0
# 1 4 2 3 0
2819	0
# 1 4 2 3 1
4776	0
# 1 4 2 3 2
7014	0
# 1 4 2 3 3
14133	0
# 1 4 2 4 0
203998	0
# 1 4 2 4 1
210884	0
# 1 4 2 4 2
224167	0
# 1 4 2 4 3
235440	0
# 1 4 2 5 0
212869	0
# 1 4 2 5 1
229060	0
# 1 4 2 5 2
251668	0
# 1 4 2 5 3
296868	0
# 1 4 2 6 0
249704	0
# 1 4 2 6 1
290336	0
# 1 4 2 6 2
381124	0
# 1 4 2 6 3
548671	0
# 1 4 3 0 0
202811	0
# 1 4 3 0 1
7943	0
# 1 4 3 0 2
14868	0
# 1 4 3 0 3
30374	0
# 1 4 3 1 0
3717	0
# 1 4 3 1 1
7803	0
# 1 4 3 1 2
14217	0
# 1 4 3 1 3
28627	0
# 1 4 3 2 0
4323	0
# 1 4 3 2 1
6542	0
# 1 4 3 2 2
14146	0
# 1 4 3 2 3
28106	0
# 1 4 3 3 0
4530	0
# 1 4 3 3 1
7648	0
# 1 4 3 3 2
14580	0
# 1 4 3 3 3
30097	0
# 1 4 3 4 0
208937	0
# 1 4 3 4 1
214416	0
# 1 4 3 4 2
230119	0
# 1 4 3 4 3
246259	0
# 1 4 3 5 0
228206	0
# 1 4 3 5 1
250292	0
# 1 4 3 5 2
296393	0
# 1 4 3 5 3
399544	0
# 1 4 3 6 0
294276	0
# 1 4 3 6 1
388445	0
# 1 4 3 6 2
556349	0
# 1 4 3 6 3
889420	0
# 1 4 4 0 0
7415	0
# 1 4 4 0 1
204235	0
# 1 4 4 0 2
28863	0
# 1 4 4 0 3
56900	0
# 1 4 4 1 0
7979	0
# 1 4 4 1 1
14043	0
# 1 4 4 1 2
31006	0
# 1 4 4 1 3
61836	0
# 1 4 4 2 0
6469	0
# 1 4 4 2 1
13865	0
# 1 4 4 2 2
30066	0
# 1 4 4 2 3
59814	0
# 1 4 4 3 0
8278	0
# 1 4 4 3 1
15372	0
# 1 4 4 3 2
204649	0
# 1 4 4 3 3
71778	0
# 1 4 4 4 0
419935	0
# 1 4 4 4 1
440008	0
# 1 4 4 4 2
767515	0
# 1 4 4 4 3
447328	0
# 1 4 4 5 0
452931	0
# 1 4 4 5 1
497648	0
# 1 4 4 5 2
465899	0
# 1 4 4 5 3
626594	0
# 1 4 4 6 0
371424	0
# 1 4 4 6 1
551393	0
# 1 4 4 6 2
927467	0
# 1 4 4 6 3
1684740	0
Setting up
# 1 5 0 0 0
1336	0
# 1 5 0 0 1
1684	0
# 1 5 0 0 2
2703	0
# 1 5 0 0 3
4802	0
# 1 5 0 1 0
1114	0
# 1 5 0 1 1
1230	0
# 1 5 0 1 2
2661	0
# 1 5 0 1 3
4933	0
# 1 5 0 2 0
794	0
# 1 5 0 2 1
1013	0
# 1 5 0 2 2
2507	0
# 1 5 0 2 3
4506	0
# 1 5 0 3 0
981	0
# 1 5 0 3 1
1627	0
# 1 5 0 3 2
3502	0
# 1 5 0 3 3
5658	0
# 1 5 0 4 0
2137	0
# 1 5 0 4 1
3750	0
# 1 5 0 4 2
7216	0
# 1 5 0 4 3
12879	0
# 1 5 0 5 0
5256	0
# 1 5 0 5 1
12198	0
# 1 5 0 5 2
20015	0
# 1 5 0 5 3
43416	0
# 1 5 0 6 0
17641	0
# 1 5 0 6 1
38761	0
# 1 5 0 6 2
81479	0
# 1 5 0 6 3
154005	0
# 1 5 1 0 0
1097	0
# 1 5 1 0 1
1791	0
# 1 5 1 0 2
4220	0
# 1 5 1 0 3
8995	0
# 1 5 1 1 0
1701	0
# 1 5 1 1 1
2291	0
# 1 5 1 1 2
4864	0
# 1 5 1 1 3
11815	0
# 1 5 1 2 0
1314	0
# 1 5 1 2 1
2007	0
# 1 5 1 2 2
3802	0
# 1 5 1 2 3
8287	0
# 1 5 1 3 0
1740	0
# 1 5 1 3 1
2551	0
# 1 5 1 3 2
4814	0
# 1 5 1 3 3
11909	0
# 1 5 1 4 0
3125	0
# 1 5 1 4 1
210046	0
# 1 5 1 4 2
211217	0
# 1 5 1 4 3
220144	0
# 1 5 1 5 0
7826	0
# 1 5 1 5 1
219835	0
# 1 5 1 5 2
226268	0
# 1 5 1 5 3
269659	0
# 1 5 1 6 0
36519	0
# 1 5 1 6 1
249133	0
# 1 5 1 6 2
277251	0
# 1 5 1 6 3
357036	0
# 1 5 2 0 0
2219	0
# 1 5 2 0 1
4303	0
# 1 5 2 0 2
7892	0
# 1 5 2 0 3
16310	0
# 1 5 2 1 0
4961	0
# 1 5 2 1 1
3729	0
# 1 5 2 1 2
6391	0
# 1 5 2 1 3
14053	0
# 1 5 2 2 0
1940	0
# 1 5 2 2 1
4408	0
# 1 5 2 2 2
7572	0
# 1 5 2 2 3
16717	0
# 1 5 2 3 0
2858	0
# 1 5 2 3 1
5322	0
# 1 5 2 3 2
14488	0
# 1 5 2 3 3
16680	0
# 1 5 2 4 0
206003	0
# 1 5 2 4 1
212889	0
# 1 5 2 4 2
221606	0
# 1 5 2 4 3
439959	0
# 1 5 2 5 0
16791	0
# 1 5 2 5 1
231514	0
# 1 5 2 5 2
255770	0
# 1 5 2 5 3
315747	0
# 1 5 2 6 0
251389	0
# 1 5 2 6 1
307512	0
# 1 5 2 6 2
401191	0
# 1 5 2 6 3
578719	0
# 1 5 3 0 0
3762	0
# 1 5 3 0 1
7542	0
# 1 5 3 0 2
16094	0
# 1 5 3 0 3
36987	0
# 1 5 3 1 0
4783	0
# 1 5 3 1 1
16511	0
# 1 5 3 1 2
17093	0
# 1 5 3 1 3
31443	0
# 1 5 3 2 0
4165	0
# 1 5 3 2 1
7513	0
# 1 5 3 2 2
204294	0
# 1 5 3 2 3
612598	0
# 1 5 3 3 0
13440	0
# 1 5 3 3 1
1206214	0
# 1 5 3 3 2
48449	0
# 1 5 3 3 3
51841	0
# 1 5 3 4 0
218183	0
# 1 5 3 4 1
221491	0
# 1 5 3 4 2
242717	0
# 1 5 3 4 3
456532	0
# 1 5 3 5 0
232344	0
# 1 5 3 5 1
269963	0
# 1 5 3 5 2
297714	0
# 1 5 3 5 3
577805	0
# 1 5 3 6 0
301776	0
# 1 5 3 6 1
380826	0
# 1 5 3 6 2
586785	0
# 1 5 3 6 3
984756	0
# 1 5 4 0 0
12065	0
# 1 5 4 0 1
203719	0
# 1 5 4 0 2
29888	0
# 1 5 4 0 3
63223	0
# 1 5 4 1 0
8133	0
# 1 5 4 1 1
19777	0
# 1 5 4 1 2
31252	0
# 1 5 4 1 3
68918	0
# 1 5 4 2 0
8356	0
# 1 5 4 2 1
22627	0
# 1 5 4 2 2
206671	0
# 1 5 4 2 3
68818	0
# 1 5 4 3 0
8427	0
# 1 5 4 3 1
15574	0
# 1 5 4 3 2
37959	0
# 1 5 4 3 3
65406	0
# 1 5 4 4 0
620380	0
# 1 5 4 4 1
440034	0
# 1 5 4 4 2
475231	0
# 1 5 4 4 3
544668	0
# 1 5 4 5 0
458587	0
# 1 5 4 5 1
701298	0
# 1 5 4 5 2
474327	0
# 1 5 4 5 3
865342	0
# 1 5 4 6 0
397276	0
# 1 5 4 6 1
571655	0
# 1 5 4 6 2
954742	0
# 1 5 4 6 3
1827903	0
Setting up
# 2 0 0 0 0
1197	0
# 2 0 0 0 1
1496	0
# 2 0 0 0 2
2905	0
# 2 0 0 0 3
4388	0
# 2 0 0 1 0
1211	0
# 2 0 0 1 1
1952	0
# 2 0 0 1 2
2781	0
# 2 0 0 1 3
5723	0
# 2 0 0 2 0
2555	0
# 2 0 0 2 1
4374	0
# 2 0 0 2 2
3370	0
# 2 0 0 2 3
5240	0
# 2 0 0 3 0
1468	0
# 2 0 0 3 1
2205	0
# 2 0 0 3 2
3320	0
# 2 0 0 3 3
6676	0
# 2 0 0 4 0
2820	0
# 2 0 0 4 1
4682	0
# 2 0 0 4 2
216181	0
# 2 0 0 4 3
217556	0
# 2 0 0 5 0
208500	0
# 2 0 0 5 1
214383	0
# 2 0 0 5 2
226448	0
# 2 0 0 5 3
45028	0
# 2 0 0 6 0
20709	0
# 2 0 0 6 1
240941	0
# 2 0 0 6 2
80324	0
# 2 0 0 6 3
364760	0
# 2 0 1 0 0
1453	0
# 2 0 1 0 1
2490	0
# 2 0 1 0 2
7458	0
# 2 0 1 0 3
8192	1
# 2 0 1 1 0
9438	0
# 2 0 1 1 1
2346	0
# 2 0 1 1 2
4578	0
# 2 0 1 1 3
6965	0
# 2 0 1 2 0
1770	0
# 2 0 1 2 1
2366	0
# 2 0 1 2 2
4581	0
# 2 0 1 2 3
10725	0
# 2 0 1 3 0
1967	0
# 2 0 1 3 1
3169	0
# 2 0 1 3 2
12169	0
# 2 0 1 3 3
10067	0
# 2 0 1 4 0
205148	0
# 2 0 1 4 1
208159	0
# 2 0 1 4 2
212855	1
# 2 0 1 4 3
225645	1
# 2 0 1 5 0
9286	0
# 2 0 1 5 1
215898	1
# 2 0 1 5 2
223358	0
# 2 0 1 5 3
254892	0
# 2 0 1 6 0
229832	0
# 2 0 1 6 1
256239	0
# 2 0 1 6 2
300809	0
# 2 0 1 6 3
554765	0
# 2 0 2 0 0
1982	0
# 2 0 2 0 1
3177	2
# 2 0 2 0 2
5339	1
# 2 0 2 0 3
12918	3
# 2 0 2 1 0
1230	3
# 2 0 2 1 1
2995	2
# 2 0 2 1 2
5675	3
# 2 0 2 1 3
12928	1
# 2 0 2 2 0
1993	0
# 2 0 2 2 1
3654	1
# 2 0 2 2 2
5676	1
# 2 0 2 2 3
11484	2
# 2 0 2 3 0
1927	0
# 2 0 2 3 1
3713	0
# 2 0 2 3 2
6810	2
# 2 0 2 3 3
13705	2
# 2 0 2 4 0
204945	2
# 2 0 2 4 1
207905	2
# 2 0 2 4 2
210675	5
# 2 0 2 4 3
228064	3
# 2 0 2 5 0
211142	1
# 2 0 2 5 1
218784	1
# 2 0 2 5 2
248147	2
# 2 0 2 5 3
284409	1
# 2 0 2 6 0
230075	0
# 2 0 2 6 1
249411	2
# 2 0 2 6 2
302031	3
# 2 0 2 6 3
443320	2
# 2 0 3 0 0
3619	1
# 2 0 3 0 1
6232	2
# 2 0 3 0 2
10711	9
# 2 0 3 0 3
12097	36
# 2 0 3 1 0
3213	0
# 2 0 3 1 1
4943	6
# 2 0 3 1 2
10978	11
# 2 0 3 1 3
17750	24
# 2 0 3 2 0
3363	2
# 2 0 3 2 1
6075	3
# 2 0 3 2 2
6326	20
# 2 0 3 2 3
17374	26
# 2 0 3 3 0
2812	5
# 2 0 3 3 1
6234	4
# 2 0 3 3 2
11971	9
# 2 0 3 3 3
15824	29
# 2 0 3 4 0
207001	3
# 2 0 3 4 1
210443	7
# 2 0 3 4 2
220714	13
# 2 0 3 4 3
228624	39
# 2 0 3 5 0
209232	3
# 2 0 3 5 1
230611	7
# 2 0 3 5 2
236545	17
# 2 0 3 5 3
469707	26
# 2 0 3 6 0
259260	3
# 2 0 3 6 1
275498	7
# 2 0 3 6 2
366669	15
# 2 0 3 6 3
606296	28
# 2 0 4 0 0
5795	2
# 2 0 4 0 1
3001900	18
# 2 0 4 0 2
8380	41
# 2 0 4 0 3
314435	85
# 2 0 4 1 0
782709	10
# 2 0 4 1 1
7602	14
# 2 0 4 1 2
11150	40
# 2 0 4 1 3
988591	80
# 2 0 4 2 0
3008	9
# 2 0 4 2 1
3001750	17
# 2 0 4 2 2
9770	43
# 2 0 4 2 3
2139310	79
# 2 0 4 3 0
5640122	8
# 2 0 4 3 1
6365	21
# 2 0 4 3 2
12453	38
# 2 0 4 3 3
1567951	77
# 2 0 4 4 0
357961	11
# 2 0 4 4 1
294651	19
# 2 0 4 4 2
229071	52
# 2 0 4 4 3
441159	91
# 2 0 4 5 0
217717	11
# 2 0 4 5 1
233677	21
# 2 0 4 5 2
445146	42
# 2 0 4 5 3
3260418	81
# 2 0 4 6 0
245798	11
# 2 0 4 6 1
3238801	18
# 2 0 4 6 2
570283	46
# 2 0 4 6 3
553998	92
Setting up
# 2 1 0 0 0
1408	0
# 2 1 0 0 1
1794	0
# 2 1 0 0 2
2321	0
# 2 1 0 0 3
4881	0
# 2 1 0 1 0
1153	0
# 2 1 0 1 1
1445	0
# 2 1 0 1 2
2902	0
# 2 1 0 1 3
4893	0
# 2 1 0 2 0
764	0
# 2 1 0 2 1
1404	0
# 2 1 0 2 2
3231	0
# 2 1 0 2 3
4849	0
# 2 1 0 3 0
1465	0
# 2 1 0 3 1
2329	0
# 2 1 0 3 2
3523	0
# 2 1 0 3 3
5372	0
# 2 1 0 4 0
202965	0
# 2 1 0 4 1
204987	0
# 2 1 0 4 2
208608	0
# 2 1 0 4 3
216602	0
# 2 1 0 5 0
5862	0
# 2 1 0 5 1
212656	0
# 2 1 0 5 2
221815	0
# 2 1 0 5 3
244450	0
# 2 1 0 6 0
20921	0
# 2 1 0 6 1
37757	0
# 2 1 0 6 2
275863	0
# 2 1 0 6 3
557946	0
# 2 1 1 0 0
1649	0
# 2 1 1 0 1
2106	0
# 2 1 1 0 2
3793	0
# 2 1 1 0 3
7632	0
# 2 1 1 1 0
1726	0
# 2 1 1 1 1
2270	0
# 2 1 1 1 2
4768	0
# 2 1 1 1 3
8116	0
# 2 1 1 2 0
1461	0
# 2 1 1 2 1
2114	0
# 2 1 1 2 2
4666	0
# 2 1 1 2 3
7808	0
# 2 1 1 3 0
2138	0
# 2 1 1 3 1
2714	0
# 2 1 1 3 2
5718	0
# 2 1 1 3 3
8746	0
# 2 1 1 4 0
205954	0
# 2 1 1 4 1
207693	0
# 2 1 1 4 2
211684	0
# 2 1 1 4 3
219058	0
# 2 1 1 5 0
208550	0
# 2 1 1 5 1
214557	0
# 2 1 1 5 2
224050	0
# 2 1 1 5 3
251112	0
# 2 1 1 6 0
225931	0
# 2 1 1 6 1
251851	0
# 2 1 1 6 2
287111	0
# 2 1 1 6 3
382766	0
# 2 1 2 0 0
2043	0
# 2 1 2 0 1
4320	0
# 2 1 2 0 2
6141	1
# 2 1 2 0 3
14628	0
# 2 1 2 1 0
2304	0
# 2 1 2 1 1
4227	0
# 2 1 2 1 2
6163	1
# 2 1 2 1 3
13257	0
# 2 1 2 2 0
2327	0
# 2 1 2 2 1
4283	0
# 2 1 2 2 2
7172	1
# 2 1 2 2 3
12686	1
# 2 1 2 3 0
2454	0
# 2 1 2 3 1
3501	1
# 2 1 2 3 2
6637	1
# 2 1 2 3 3
14535	1
# 2 1 2 4 0
205017	0
# 2 1 2 4 1
209074	0
# 2 1 2 4 2
412843	0
# 2 1 2 4 3
234878	0
# 2 1 2 5 0
211412	0
# 2 1 2 5 1
424268	1
# 2 1 2 5 2
230029	1
# 2 1 2 5 3
276288	0
# 2 1 2 6 0
227280	0
# 2 1 2 6 1
267322	0
# 2 1 2 6 2
302948	0
# 2 1 2 6 3
461911	0
# 2 1 3 0 0
4402	0
# 2 1 3 0 1
6029	4
# 2 1 3 0 2
9812	8
# 2 1 3 0 3
21363	15
# 2 1 3 1 0
3187	2
# 2 1 3 1 1
4500	3
# 2 1 3 1 2
11399	8
# 2 1 3 1 3
18698	23
# 2 1 3 2 0
3770	0
# 2 1 3 2 1
4682	6
# 2 1 3 2 2
9632	11
# 2 1 3 2 3
15164	28
# 2 1 3 3 0
3790	3
# 2 1 3 3 1
6885	2
# 2 1 3 3 2
10904	5
# 2 1 3 3 3
22116	14
# 2 1 3 4 0
205913	2
# 2 1 3 4 1
210606	5
# 2 1 3 4 2
222776	8
# 2 1 3 4 3
434778	18
# 2 1 3 5 0
218602	1
# 2 1 3 5 1
226507	4
# 2 1 3 5 2
266627	8
# 2 1 3 5 3
332645	18
# 2 1 3 6 0
246691	3
# 2 1 3 6 1
327135	4
# 2 1 3 6 2
364735	12
# 2 1 3 6 3
703423	16
# 2 1 4 0 0
3627	8
# 2 1 4 0 1
6600	19
# 2 1 4 0 2
10486	39
# 2 1 4 0 3
3010013	45
# 2 1 4 1 0
3545	8
# 2 1 4 1 1
5331	20
# 2 1 4 1 2
13090	41
# 2 1 4 1 3
3009403	62
# 2 1 4 2 0
3258	9
# 2 1 4 2 1
5508	19
# 2 1 4 2 2
11236	38
# 2 1 4 2 3
21846	80
# 2 1 4 3 0
4171	8
# 2 1 4 3 1
207172	16
# 2 1 4 3 2
12840	37
# 2 1 4 3 3
27114	72
# 2 1 4 4 0
413004	7
# 2 1 4 4 1
214475	21
# 2 1 4 4 2
224567	41
# 2 1 4 4 3
241443	87
# 2 1 4 5 0
220075	10
# 2 1 4 5 1
3227385	15
# 2 1 4 5 2
426127	45
# 2 1 4 5 3
3239052	72
# 2 1 4 6 0
263966	10
# 2 1 4 6 1
265221	22
# 2 1 4 6 2
434454	41
# 2 1 4 6 3
722636	80
Setting up
# 2 2 0 0 0
1232	0
# 2 2 0 0 1
1679	0
# 2 2 0 0 2
2384	0
# 2 2 0 0 3
3990	0
# 2 2 0 1 0
980	0
# 2 2 0 1 1
1200	0
# 2 2 0 1 2
2299	0
# 2 2 0 1 3
4787	0
# 2 2 0 2 0
1134	0
# 2 2 0 2 1
1232	0
# 2 2 0 2 2
2520	0
# 2 2 0 2 3
4639	0
# 2 2 0 3 0
1507	0
# 2 2 0 3 1
1635	0
# 2 2 0 3 2
3072	0
# 2 2 0 3 3
5700	0
# 2 2 0 4 0
2045	0
# 2 2 0 4 1
4234	0
# 2 2 0 4 2
210196	0
# 2 2 0 4 3
216092	0
# 2 2 0 5 0
6008	0
# 2 2 0 5 1
11764	0
# 2 2 0 5 2
223783	0
# 2 2 0 5 3
247162	0
# 2 2 0 6 0
22092	0
# 2 2 0 6 1
237519	0
# 2 2 0 6 2
283826	0
# 2 2 0 6 3
354042	0
# 2 2 1 0 0
1697	0
# 2 2 1 0 1
2295	0
# 2 2 1 0 2
4800	0
# 2 2 1 0 3
7601	0
# 2 2 1 1 0
1351	0
# 2 2 1 1 1
2055	0
# 2 2 1 1 2
3829	0
# 2 2 1 1 3
7281	0
# 2 2 1 2 0
1742	0
# 2 2 1 2 1
2892	0
# 2 2 1 2 2
4874	0
# 2 2 1 2 3
6839	0
# 2 2 1 3 0
1444	0
# 2 2 1 3 1
2381	0
# 2 2 1 3 2
4444	0
# 2 2 1 3 3
10192	0
# 2 2 1 4 0
204911	0
# 2 2 1 4 1
208117	0
# 2 2 1 4 2
212695	0
# 2 2 1 4 3
220631	0
# 2 2 1 5 0
8407	0
# 2 2 1 5 1
213217	0
# 2 2 1 5 2
226496	0
# 2 2 1 5 3
243736	0
# 2 2 1 6 0
228610	0
# 2 2 1 6 1
251679	0
# 2 2 1 6 2
91477	0
# 2 2 1 6 3
367042	0
# 2 2 2 0 0
2313	0
# 2 2 2 0 1
3342	0
# 2 2 2 0 2
7195	0
# 2 2 2 0 3
14558	0
# 2 2 2 1 0
1985	0
# 2 2 2 1 1
3448	0
# 2 2 2 1 2
7664	0
# 2 2 2 1 3
12855	0
# 2 2 2 2 0
2589	0
# 2 2 2 2 1
3820	0
# 2 2 2 2 2
7006	0
# 2 2 2 2 3
13154	0
# 2 2 2 3 0
2878	0
# 2 2 2 3 1
4538	0
# 2 2 2 3 2
8018	0
# 2 2 2 3 3
14996	0
# 2 2 2 4 0
205946	0
# 2 2 2 4 1
208607	0
# 2 2 2 4 2
214381	0
# 2 2 2 4 3
230333	0
# 2 2 2 5 0
216356	0
# 2 2 2 5 1
220982	0
# 2 2 2 5 2
238603	0
# 2 2 2 5 3
288179	0
# 2 2 2 6 0
228399	0
# 2 2 2 6 1
240979	0
# 2 2 2 6 2
305402	0
# 2 2 2 6 3
726192	0
# 2 2 3 0 0
3344	0
# 2 2 3 0 1
5927	0
# 2 2 3 0 2
14163	0
# 2 2 3 0 3
26592	0
# 2 2 3 1 0
4277	0
# 2 2 3 1 1
6869	1
# 2 2 3 1 2
12798	1
# 2 2 3 1 3
28312	0
# 2 2 3 2 0
3430	1
# 2 2 3 2 1
7265	0
# 2 2 3 2 2
14070	0
# 2 2 3 2 3
27869	1
# 2 2 3 3 0
4878	0
# 2 2 3 3 1
7322	2
# 2 2 3 3 2
15162	0
# 2 2 3 3 3
30002	1
# 2 2 3 4 0
209870	0
# 2 2 3 4 1
212879	0
# 2 2 3 4 2
227299	0
# 2 2 3 4 3
255188	0
# 2 2 3 5 0
219219	0
# 2 2 3 5 1
244327	0
# 2 2 3 5 2
290699	0
# 2 2 3 5 3
524189	0
# 2 2 3 6 0
269209	0
# 2 2 3 6 1
324556	2
# 2 2 3 6 2
582451	0
# 2 2 3 6 3
873122	1
# 2 2 4 0 0
6121	2
# 2 2 4 0 1
7880	16
# 2 2 4 0 2
14280	32
# 2 2 4 0 3
19439	87
# 2 2 4 1 0
5324	6
# 2 2 4 1 1
8820	15
# 2 2 4 1 2
207142	30
# 2 2 4 1 3
24632	72
# 2 2 4 2 0
5001	5
# 2 2 4 2 1
3000892	11
# 2 2 4 2 2
14069	31
# 2 2 4 2 3
22728	75
# 2 2 4 3 0
5729	7
# 2 2 4 3 1
9495	16
# 2 2 4 3 2
16533	34
# 2 2 4 3 3
25771	73
# 2 2 4 4 0
410822	6
# 2 2 4 4 1
214859	16
# 2 2 4 4 2
424068	32
# 2 2 4 4 3
447734	66
# 2 2 4 5 0
226183	8
# 2 2 4 5 1
243240	16
# 2 2 4 5 2
286212	34
# 2 2 4 5 3
387772	64
# 2 2 4 6 0
283420	8
# 2 2 4 6 1
358601	16
# 2 2 4 6 2
3072156	31
# 2 2 4 6 3
897465	64
Setting up
# 2 3 0 0 0
1235	0
# 2 3 0 0 1
1286	0
# 2 3 0 0 2
2741	0
# 2 3 0 0 3
5220	0
# 2 3 0 1 0
791	0
# 2 3 0 1 1
1862	0
# 2 3 0 1 2
2263	0
# 2 3 0 1 3
4720	0
# 2 3 0 2 0
1296	0
# 2 3 0 2 1
2096	0
# 2 3 0 2 2
2475	0
# 2 3 0 2 3
5530	0
# 2 3 0 3 0
1206	0
# 2 3 0 3 1
2019	0
# 2 3 0 3 2
14685	0
# 2 3 0 3 3
6589	0
# 2 3 0 4 0
1861	0
# 2 3 0 4 1
3312	0
# 2 3 0 4 2
6786	0
# 2 3 0 4 3
14458	0
# 2 3 0 5 0
5401	0
# 2 3 0 5 1
10690	0
# 2 3 0 5 2
422087	0
# 2 3 0 5 3
38740	0
# 2 3 0 6 0
16855	0
# 2 3 0 6 1
241099	0
# 2 3 0 6 2
70582	0
# 2 3 0 6 3
349372	0
# 2 3 1 0 0
1666	0
# 2 3 1 0 1
2123	0
# 2 3 1 0 2
3839	0
# 2 3 1 0 3
7360	0
# 2 3 1 1 0
1442	0
# 2 3 1 1 1
2375	0
# 2 3 1 1 2
3698	0
# 2 3 1 1 3
8424	0
# 2 3 1 2 0
1083	0
# 2 3 1 2 1
2012	0
# 2 3 1 2 2
3518	0
# 2 3 1 2 3
7686	0
# 2 3 1 3 0
1739	0
# 2 3 1 3 1
2236	0
# 2 3 1 3 2
4792	0
# 2 3 1 3 3
8074	0
# 2 3 1 4 0
204991	0
# 2 3 1 4 1
205452	0
# 2 3 1 4 2
209481	0
# 2 3 1 4 3
216274	0
# 2 3 1 5 0
8834	0
# 2 3 1 5 1
214060	0
# 2 3 1 5 2
224879	0
# 2 3 1 5 3
249195	0
# 2 3 1 6 0
26588	0
# 2 3 1 6 1
238682	0
# 2 3 1 6 2
283851	0
# 2 3 1 6 3
381757	0
# 2 3 2 0 0
2454	0
# 2 3 2 0 1
3989	0
# 2 3 2 0 2
7805	0
# 2 3 2 0 3
13435	0
# 2 3 2 1 0
1989	0
# 2 3 2 1 1
3596	0
# 2 3 2 1 2
8396	0
# 2 3 2 1 3
11636	0
# 2 3 2 2 0
2107	0
# 2 3 2 2 1
3272	0
# 2 3 2 2 2
7361	0
# 2 3 2 2 3
13663	0
# 2 3 2 3 0
2420	0
# 2 3 2 3 1
4526	0
# 2 3 2 3 2
6592	0
# 2 3 2 3 3
15274	0
# 2 3 2 4 0
206085	0
# 2 3 2 4 1
208937	0
# 2 3 2 4 2
215332	0
# 2 3 2 4 3
220185	0
# 2 3 2 5 0
212184	0
# 2 3 2 5 1
226247	0
# 2 3 2 5 2
244921	0
# 2 3 2 5 3
273349	0
# 2 3 2 6 0
228491	0
# 2 3 2 6 1
275376	0
# 2 3 2 6 2
367742	0
# 2 3 2 6 3
484090	0
# 2 3 3 0 0
3720	0
# 2 3 3 0 1
7807	0
# 2 3 3 0 2
14949	0
# 2 3 3 0 3
28469	0
# 2 3 3 1 0
3702	0
# 2 3 3 1 1
6916	0
# 2 3 3 1 2
13732	0
# 2 3 3 1 3
29342	0
# 2 3 3 2 0
4014	0
# 2 3 3 2 1
6447	0
# 2 3 3 2 2
13642	0
# 2 3 3 2 3
28062	0
# 2 3 3 3 0
4146	0
# 2 3 3 3 1
7128	0
# 2 3 3 3 2
14946	0
# 2 3 3 3 3
28477	0
# 2 3 3 4 0
209377	0
# 2 3 3 4 1
216820	0
# 2 3 3 4 2
225697	0
# 2 3 3 4 3
257576	0
# 2 3 3 5 0
223660	0
# 2 3 3 5 1
248667	0
# 2 3 3 5 2
278453	0
# 2 3 3 5 3
367048	0
# 2 3 3 6 0
280722	0
# 2 3 3 6 1
356361	0
# 2 3 3 6 2
518969	0
# 2 3 3 6 3
911494	0
# 2 3 4 0 0
6008	4
# 2 3 4 0 1
12338	8
# 2 3 4 0 2
21148	16
# 2 3 4 0 3
36259	43
# 2 3 4 1 0
6588	2
# 2 3 4 1 1
11217	8
# 2 3 4 1 2
15893	26
# 2 3 4 1 3
39184	42
# 2 3 4 2 0
5956	2
# 2 3 4 2 1
10948	7
# 2 3 4 2 2
19836	18
# 2 3 4 2 3
36146	54
# 2 3 4 3 0
8394	1
# 2 3 4 3 1
204631	4
# 2 3 4 3 2
19436	21
# 2 3 4 3 3
38398	42
# 2 3 4 4 0
408967	2
# 2 3 4 4 1
225365	8
# 2 3 4 4 2
246614	16
# 2 3 4 4 3
288995	35
# 2 3 4 5 0
228868	4
# 2 3 4 5 1
267043	8
# 2 3 4 5 2
459661	15
# 2 3 4 5 3
3455761	0
# 2 3 4 6 0
309407	4
# 2 3 4 6 1
446877	8
# 2 3 4 6 2
704292	16
# 2 3 4 6 3
1251504	32
Setting up
# 2 4 0 0 0
1028	0
# 2 4 0 0 1
1243	0
# 2 4 0 0 2
2754	0
# 2 4 0 0 3
5160	0
# 2 4 0 1 0
798	0
# 2 4 0 1 1
1743	0
# 2 4 0 1 2
3116	0
# 2 4 0 1 3
5710	0
# 2 4 0 2 0
1292	0
# 2 4 0 2 1
1140	0
# 2 4 0 2 2
2456	0
# 2 4 0 2 3
4841	0
# 2 4 0 3 0
967	0
# 2 4 0 3 1
2129	0
# 2 4 0 3 2
3462	0
# 2 4 0 3 3
5863	0
# 2 4 0 4 0
203945	0
# 2 4 0 4 1
4273	0
# 2 4 0 4 2
208846	0
# 2 4 0 4 3
216163	0
# 2 4 0 5 0
6065	0
# 2 4 0 5 1
10946	0
# 2 4 0 5 2
21675	0
# 2 4 0 5 3
240409	0
# 2 4 0 6 0
19639	0
# 2 4 0 6 1
38521	0
# 2 4 0 6 2
278078	0
# 2 4 0 6 3
358753	0
# 2 4 1 0 0
1731	0
# 2 4 1 0 1
2196	0
# 2 4 1 0 2
3889	0
# 2 4 1 0 3
6506	0
# 2 4 1 1 0
1306	0
# 2 4 1 1 1
2428	0
# 2 4 1 1 2
3673	0
# 2 4 1 1 3
7707	0
# 2 4 1 2 0
1690	0
# 2 4 1 2 1
2692	0
# 2 4 1 2 2
4054	0
# 2 4 1 2 3
7706	0
# 2 4 1 3 0
2085	0
# 2 4 1 3 1
2649	0
# 2 4 1 3 2
4879	0
# 2 4 1 3 3
9133	0
# 2 4 1 4 0
204899	0
# 2 4 1 4 1
205885	0
# 2 4 1 4 2
211684	0
# 2 4 1 4 3
219277	0
# 2 4 1 5 0
212131	0
# 2 4 1 5 1
217636	0
# 2 4 1 5 2
223099	0
# 2 4 1 5 3
251198	0
# 2 4 1 6 0
26738	0
# 2 4 1 6 1
239734	0
# 2 4 1 6 2
281565	0
# 2 4 1 6 3
372605	0
# 2 4 2 0 0
1993	0
# 2 4 2 0 1
3542	0
# 2 4 2 0 2
6795	0
# 2 4 2 0 3
12265	0
# 2 4 2 1 0
2110	0
# 2 4 2 1 1
3882	0
# 2 4 2 1 2
7770	0
# 2 4 2 1 3
14659	0
# 2 4 2 2 0
2286	0
# 2 4 2 2 1
3828	0
# 2 4 2 2 2
6962	0
# 2 4 2 2 3
14081	0
# 2 4 2 3 0
2114	0
# 2 4 2 3 1
4299	0
# 2 4 2 3 2
7757	0
# 2 4 2 3 3
14703	0
# 2 4 2 4 0
206844	0
# 2 4 2 4 1
208157	0
# 2 4 2 4 2
214344	0
# 2 4 2 4 3
228956	0
# 2 4 2 5 0
212064	0
# 2 4 2 5 1
224074	0
# 2 4 2 5 2
245400	0
# 2 4 2 5 3
283908	0
# 2 4 2 6 0
257225	0
# 2 4 2 6 1
240117	0
# 2 4 2 6 2
368559	0
# 2 4 2 6 3
546851	0
# 2 4 3 0 0
5021	0
# 2 4 3 0 1
7538	0
# 2 4 3 0 2
16268	0
# 2 4 3 0 3
32450	0
# 2 4 3 1 0
4586	0
# 2 4 3 1 1
8423	0
# 2 4 3 1 2
15007	0
# 2 4 3 1 3
31216	0
# 2 4 3 2 0
5413	0
# 2 4 3 2 1
8533	0
# 2 4 3 2 2
12640	0
# 2 4 3 2 3
32814	0
# 2 4 3 3 0
4905	0
# 2 4 3 3 1
9283	0
# 2 4 3 3 2
16704	0
# 2 4 3 3 3
33649	0
# 2 4 3 4 0
209241	0
# 2 4 3 4 1
217222	0
# 2 4 3 4 2
228465	0
# 2 4 3 4 3
271291	0
# 2 4 3 5 0
223357	0
# 2 4 3 5 1
242254	0
# 2 4 3 5 2
467581	0
# 2 4 3 5 3
373915	0
# 2 4 3 6 0
280199	0
# 2 4 3 6 1
362285	0
# 2 4 3 6 2
677930	0
# 2 4 3 6 3
882728	0
# 2 4 4 0 0
6789	0
# 2 4 4 0 1
11714	0
# 2 4 4 0 2
3004894	0
# 2 4 4 0 3
54182	0
# 2 4 4 1 0
7228	0
# 2 4 4 1 1
15817	0
# 2 4 4 1 2
29457	0
# 2 4 4 1 3
57754	0
# 2 4 4 2 0
15642	0
# 2 4 4 2 1
13521	0
# 2 4 4 2 2
32251	0
# 2 4 4 2 3
53414	0
# 2 4 4 3 0
7967	0
# 2 4 4 3 1
13294	0
# 2 4 4 3 2
27845	0
# 2 4 4 3 3
50965	0
# 2 4 4 4 0
748903	0
# 2 4 4 4 1
437534	0
# 2 4 4 4 2
450625	0
# 2 4 4 4 3
444367	0
# 2 4 4 5 0
446133	0
# 2 4 4 5 1
456775	0
# 2 4 4 5 2
458010	0
# 2 4 4 5 3
594873	0
# 2 4 4 6 0
363237	0
# 2 4 4 6 1
566547	0
# 2 4 4 6 2
886963	0
# 2 4 4 6 3
1757824	0
Setting up
# 2 5 0 0 0
1206	0
# 2 5 0 0 1
1745	0
# 2 5 0 0 2
3056	0
# 2 5 0 0 3
4511	0
# 2 5 0 1 0
1168	0
# 2 5 0 1 1
1643	0
# 2 5 0 1 2
2194	0
# 2 5 0 1 3
4880	0
# 2 5 0 2 0
1011	0
# 2 5 0 2 1
1808	0
# 2 5 0 2 2
2843	0
# 2 5 0 2 3
5094	0
# 2 5 0 3 0
931	0
# 2 5 0 3 1
1556	0
# 2 5 0 3 2
2945	0
# 2 5 0 3 3
6497	0
# 2 5 0 4 0
2478	0
# 2 5 0 4 1
3601	0
# 2 5 0 4 2
208708	0
# 2 5 0 4 3
216893	0
# 2 5 0 5 0
5270	0
# 2 5 0 5 1
10883	0
# 2 5 0 5 2
223225	0
# 2 5 0 5 3
41589	0
# 2 5 0 6 0
20583	0
# 2 5 0 6 1
239988	0
# 2 5 0 6 2
73755	0
# 2 5 0 6 3
366866	0
# 2 5 1 0 0
1378	0
# 2 5 1 0 1
1988	0
# 2 5 1 0 2
4673	0
# 2 5 1 0 3
6626	0
# 2 5 1 1 0
1670	0
# 2 5 1 1 1
1771	0
# 2 5 1 1 2
4164	0
# 2 5 1 1 3
8194	0
# 2 5 1 2 0
1297	0
# 2 5 1 2 1
2613	0
# 2 5 1 2 2
4356	0
# 2 5 1 2 3
8053	0
# 2 5 1 3 0
1325	0
# 2 5 1 3 1
3059	0
# 2 5 1 3 2
4589	0
# 2 5 1 3 3
9841	0
# 2 5 1 4 0
205707	0
# 2 5 1 4 1
207389	0
# 2 5 1 4 2
212760	0
# 2 5 1 4 3
218479	0
# 2 5 1 5 0
209798	0
# 2 5 1 5 1
215896	0
# 2 5 1 5 2
227409	0
# 2 5 1 5 3
249582	0
# 2 5 1 6 0
26387	0
# 2 5 1 6 1
51801	0
# 2 5 1 6 2
680293	0
# 2 5 1 6 3
385048	0
# 2 5 2 0 0
2381	0
# 2 5 2 0 1
3874	0
# 2 5 2 0 2
5933	0
# 2 5 2 0 3
14755	0
# 2 5 2 1 0
1915	0
# 2 5 2 1 1
4479	0
# 2 5 2 1 2
7838	0
# 2 5 2 1 3
11169	0
# 2 5 2 2 0
2126	0
# 2 5 2 2 1
4038	0
# 2 5 2 2 2
7008	0
# 2 5 2 2 3
13811	0
# 2 5 2 3 0
2725	0
# 2 5 2 3 1
4125	0
# 2 5 2 3 2
7856	0
# 2 5 2 3 3
14385	0
# 2 5 2 4 0
205836	0
# 2 5 2 4 1
210605	0
# 2 5 2 4 2
215071	0
# 2 5 2 4 3
234311	0
# 2 5 2 5 0
211707	0
# 2 5 2 5 1
221690	0
# 2 5 2 5 2
248845	0
# 2 5 2 5 3
269330	0
# 2 5 2 6 0
250432	0
# 2 5 2 6 1
262897	0
# 2 5 2 6 2
328688	0
# 2 5 2 6 3
650230	0
# 2 5 3 0 0
4045	0
# 2 5 3 0 1
7343	0
# 2 5 3 0 2
13605	0
# 2 5 3 0 3
28127	0
# 2 5 3 1 0
202632	0
# 2 5 3 1 1
7095	0
# 2 5 3 1 2
14873	0
# 2 5 3 1 3
27465	0
# 2 5 3 2 0
3660	0
# 2 5 3 2 1
7803	0
# 2 5 3 2 2
13735	0
# 2 5 3 2 3
28544	0
# 2 5 3 3 0
4522	0
# 2 5 3 3 1
7320	0
# 2 5 3 3 2
12950	0
# 2 5 3 3 3
27085	0
# 2 5 3 4 0
205868	0
# 2 5 3 4 1
217303	0
# 2 5 3 4 2
231425	0
# 2 5 3 4 3
421968	0
# 2 5 3 5 0
218458	0
# 2 5 3 5 1
248007	0
# 2 5 3 5 2
286071	0
# 2 5 3 5 3
382066	0
# 2 5 3 6 0
282474	0
# 2 5 3 6 1
350322	0
# 2 5 3 6 2
539161	0
# 2 5 3 6 3
906651	0
# 2 5 4 0 0
7567	0
# 2 5 4 0 1
15794	0
# 2 5 4 0 2
208091	0
# 2 5 4 0 3
53792	0
# 2 5 4 1 0
6369	0
# 2 5 4 1 1
13460	0
# 2 5 4 1 2
27808	0
# 2 5 4 1 3
60294	0
# 2 5 4 2 0
7375	0
# 2 5 4 2 1
206293	0
# 2 5 4 2 2
29501	0
# 2 5 4 2 3
58311	0
# 2 5 4 3 0
8640	0
# 2 5 4 3 1
15863	0
# 2 5 4 3 2
28365	0
# 2 5 4 3 3
56684	0
# 2 5 4 4 0
616941	0
# 2 5 4 4 1
424787	0
# 2 5 4 4 2
442572	0
# 2 5 4 4 3
461643	0
# 2 5 4 5 0
440397	0
# 2 5 4 5 1
452558	0
# 2 5 4 5 2
495631	0
# 2 5 4 5 3
575109	0
# 2 5 4 6 0
364216	0
# 2 5 4 6 1
556568	0
# 2 5 4 6 2
916295	0
# 2 5 4 6 3
1639641	0
Setting up
# 3 0 0 0 0
1326	0
# 3 0 0 0 1
2030	0
# 3 0 0 0 2
2568	0
# 3 0 0 0 3
5333	0
# 3 0 0 1 0
1360	0
# 3 0 0 1 1
1393	0
# 3 0 0 1 2
2806	0
# 3 0 0 1 3
5142	0
# 3 0 0 2 0
1214	0
# 3 0 0 2 1
1725	0
# 3 0 0 2 2
2686	0
# 3 0 0 2 3
4967	0
# 3 0 0 3 0
1545	0
# 3 0 0 3 1
2141	0
# 3 0 0 3 2
3230	0
# 3 0 0 3 3
6283	0
# 3 0 0 4 0
2257	0
# 3 0 0 4 1
4184	0
# 3 0 0 4 2
7600	0
# 3 0 0 4 3
14143	0
# 3 0 0 5 0
6051	0
# 3 0 0 5 1
10445	0
# 3 0 0 5 2
20508	0
# 3 0 0 5 3
39172	0
# 3 0 0 6 0
19135	0
# 3 0 0 6 1
37771	0
# 3 0 0 6 2
74902	0
# 3 0 0 6 3
152174	0
# 3 0 1 0 0
1226	0
# 3 0 1 0 1
2243	0
# 3 0 1 0 2
3720	0
# 3 0 1 0 3
6515	0
# 3 0 1 1 0
913	1
# 3 0 1 1 1
2794	0
# 3 0 1 1 2
4434	0
# 3 0 1 1 3
7362	0
# 3 0 1 2 0
1466	0
# 3 0 1 2 1
2491	0
# 3 0 1 2 2
3293	0
# 3 0 1 2 3
8359	0
# 3 0 1 3 0
1622	0
# 3 0 1 3 1
3426	0
# 3 0 1 3 2
4745	0
# 3 0 1 3 3
9181	0
# 3 0 1 4 0
3185	0
# 3 0 1 4 1
5731	0
# 3 0 1 4 2
209885	0
# 3 0 1 4 3
218997	0
# 3 0 1 5 0
8815	0
# 3 0 1 5 1
216685	0
# 3 0 1 5 2
222063	0
# 3 0 1 5 3
246826	0
# 3 0 1 6 0
223486	0
# 3 0 1 6 1
244949	0
# 3 0 1 6 2
293422	0
# 3 0 1 6 3
365363	0
# 3 0 2 0 0
1721	1
# 3 0 2 0 1
4700	2
# 3 0 2 0 2
6644	0
# 3 0 2 0 3
12845	0
# 3 0 2 1 0
1559	2
# 3 0 2 1 1
4088	0
# 3 0 2 1 2
7408	1
# 3 0 2 1 3
14336	0
# 3 0 2 2 0
1258	2
# 3 0 2 2 1
3054	2
# 3 0 2 2 2
6358	2
# 3 0 2 2 3
12775	0
# 3 0 2 3 0
1319	2
# 3 0 2 3 1
3937	2
# 3 0 2 3 2
6543	2
# 3 0 2 3 3
14994	0
# 3 0 2 4 0
206013	0
# 3 0 2 4 1
210002	0
# 3 0 2 4 2
213599	3
# 3 0 2 4 3
222941	7
# 3 0 2 5 0
209291	0
# 3 0 2 5 1
225480	0
# 3 0 2 5 2
231855	2
# 3 0 2 5 3
260319	4
# 3 0 2 6 0
224971	0
# 3 0 2 6 1
260786	2
# 3 0 2 6 2
327826	0
# 3 0 2 6 3
501075	2
# 3 0 3 0 0
3162	2
# 3 0 3 0 1
4339	6
# 3 0 3 0 2
14099	0
# 3 0 3 0 3
24568	6
# 3 0 3 1 0
3051	1
# 3 0 3 1 1
7269	0
# 3 0 3 1 2
12664	5
# 3 0 3 1 3
19645	8
# 3 0 3 2 0
3398	1
# 3 0 3 2 1
6654	0
# 3 0 3 2 2
13876	1
# 3 0 3 2 3
25620	5
# 3 0 3 3 0
3890	2
# 3 0 3 3 1
8694	1
# 3 0 3 3 2
11655	5
# 3 0 3 3 3
28627	4
# 3 0 3 4 0
207002	3
# 3 0 3 4 1
209650	3
# 3 0 3 4 2
222900	9
# 3 0 3 4 3
234494	25
# 3 0 3 5 0
209209	5
# 3 0 3 5 1
229226	3
# 3 0 3 5 2
441181	7
# 3 0 3 5 3
317496	11
# 3 0 3 6 0
222946	4
# 3 0 3 6 1
327034	1
# 3 0 3 6 2
437215	3
# 3 0 3 6 3
848524	13
# 3 0 4 0 0
3807	8
# 3 0 4 0 1
8764	10
# 3 0 4 0 2
13769	29
# 3 0 4 0 3
26781	69
# 3 0 4 1 0
3859	8
# 3 0 4 1 1
9312	11
# 3 0 4 1 2
11208	37
# 3 0 4 1 3
25829	62
# 3 0 4 2 0
3881	8
# 3 0 4 2 1
8237	13
# 3 0 4 2 2
12361	31
# 3 0 4 2 3
28606	62
# 3 0 4 3 0
202906	9
# 3 0 4 3 1
7138	21
# 3 0 4 3 2
14291	38
# 3 0 4 3 3
28190	68
# 3 0 4 4 0
210005	9
# 3 0 4 4 1
3205362	13
# 3 0 4 4 2
411819	38
# 3 0 4 4 3
236800	89
# 3 0 4 5 0
230043	4
# 3 0 4 5 1
246078	16
# 3 0 4 5 2
3231221	29
# 3 0 4 5 3
364285	67
# 3 0 4 6 0
447123	5
# 3 0 4 6 1
280224	24
# 3 0 4 6 2
568880	33
# 3 0 4 6 3
889703	63
Setting up
# 3 1 0 0 0
1308	0
# 3 1 0 0 1
1792	0
# 3 1 0 0 2
2616	0
# 3 1 0 0 3
5073	0
# 3 1 0 1 0
1105	0
# 3 1 0 1 1
1407	0
# 3 1 0 1 2
2987	0
# 3 1 0 1 3
4882	0
# 3 1 0 2 0
1122	0
# 3 1 0 2 1
1622	0
# 3 1 0 2 2
2920	0
# 3 1 0 2 3
5169	0
# 3 1 0 3 0
1413	0
# 3 1 0 3 1
1595	0
# 3 1 0 3 2
2676	0
# 3 1 0 3 3
6428	0
# 3 1 0 4 0
2370	0
# 3 1 0 4 1
4071	0
# 3 1 0 4 2
208709	0
# 3 1 0 4 3
216032	0
# 3 1 0 5 0
6155	0
# 3 1 0 5 1
213922	0
# 3 1 0 5 2
22024	0
# 3 1 0 5 3
243029	0
# 3 1 0 6 0
16635	0
# 3 1 0 6 1
38831	0
# 3 1 0 6 2
280517	0
# 3 1 0 6 3
152804	0
# 3 1 1 0 0
1189	0
# 3 1 1 0 1
2411	0
# 3 1 1 0 2
4402	0
# 3 1 1 0 3
6834	0
# 3 1 1 1 0
1205	0
# 3 1 1 1 1
2176	0
# 3 1 1 1 2
4124	0
# 3 1 1 1 3
8145	0
# 3 1 1 2 0
1092	0
# 3 1 1 2 1
1820	0
# 3 1 1 2 2
4476	0
# 3 1 1 2 3
8408	0
# 3 1 1 3 0
1610	0
# 3 1 1 3 1
2972	0
# 3 1 1 3 2
5381	0
# 3 1 1 3 3
8450	0
# 3 1 1 4 0
204942	0
# 3 1 1 4 1
205773	0
# 3 1 1 4 2
210841	0
# 3 1 1 4 3
421279	0
# 3 1 1 5 0
8036	0
# 3 1 1 5 1
216941	0
# 3 1 1 5 2
227882	0
# 3 1 1 5 3
252216	0
# 3 1 1 6 0
28724	0
# 3 1 1 6 1
45702	0
# 3 1 1 6 2
294795	0
# 3 1 1 6 3
374998	0
# 3 1 2 0 0
2823	0
# 3 1 2 0 1
3696	0
# 3 1 2 0 2
6283	0
# 3 1 2 0 3
12931	1
# 3 1 2 1 0
2248	0
# 3 1 2 1 1
4198	0
# 3 1 2 1 2
6889	0
# 3 1 2 1 3
12598	1
# 3 1 2 2 0
1348	1
# 3 1 2 2 1
3339	1
# 3 1 2 2 2
6417	1
# 3 1 2 2 3
13271	1
# 3 1 2 3 0
2126	1
# 3 1 2 3 1
4070	1
# 3 1 2 3 2
8164	0
# 3 1 2 3 3
15850	0
# 3 1 2 4 0
206816	0
# 3 1 2 4 1
9620	0
# 3 1 2 4 2
214363	1
# 3 1 2 4 3
225598	1
# 3 1 2 5 0
211615	0
# 3 1 2 5 1
222088	0
# 3 1 2 5 2
431328	0
# 3 1 2 5 3
277401	0
# 3 1 2 6 0
221235	0
# 3 1 2 6 1
252929	1
# 3 1 2 6 2
330556	0
# 3 1 2 6 3
578763	0
# 3 1 3 0 0
3063	1
# 3 1 3 0 1
7105	1
# 3 1 3 0 2
13547	0
# 3 1 3 0 3
23270	1
# 3 1 3 1 0
2974	2
# 3 1 3 1 1
6705	0
# 3 1 3 1 2
12160	3
# 3 1 3 1 3
32358	0
# 3 1 3 2 0
3961	0
# 3 1 3 2 1
9247	0
# 3 1 3 2 2
14147	0
# 3 1 3 2 3
25598	2
# 3 1 3 3 0
4063	0
# 3 1 3 3 1
7492	2
# 3 1 3 3 2
13796	2
# 3 1 3 3 3
27140	3
# 3 1 3 4 0
208848	0
# 3 1 3 4 1
214277	2
# 3 1 3 4 2
410407	1
# 3 1 3 4 3
445896	1
# 3 1 3 5 0
217153	2
# 3 1 3 5 1
230204	6
# 3 1 3 5 2
272931	2
# 3 1 3 5 3
361343	8
# 3 1 3 6 0
256174	1
# 3 1 3 6 1
371858	0
# 3 1 3 6 2
500708	0
# 3 1 3 6 3
870520	2
# 3 1 4 0 0
5250	5
# 3 1 4 0 1
9054	12
# 3 1 4 0 2
14703	26
# 3 1 4 0 3
28780	58
# 3 1 4 1 0
4581	5
# 3 1 4 1 1
7948	13
# 3 1 4 1 2
16608	24
# 3 1 4 1 3
31176	54
# 3 1 4 2 0
3986	6
# 3 1 4 2 1
8336	13
# 3 1 4 2 2
14877	26
# 3 1 4 2 3
26679	67
# 3 1 4 3 0
5781	4
# 3 1 4 3 1
8729	12
# 3 1 4 3 2
14637	27
# 3 1 4 3 3
30029	58
# 3 1 4 4 0
211889	2
# 3 1 4 4 1
215619	13
# 3 1 4 4 2
231295	29
# 3 1 4 4 3
438946	70
# 3 1 4 5 0
221768	6
# 3 1 4 5 1
249885	14
# 3 1 4 5 2
447095	19
# 3 1 4 5 3
3265957	29
# 3 1 4 6 0
309123	5
# 3 1 4 6 1
382727	15
# 3 1 4 6 2
3074971	23
# 3 1 4 6 3
1403364	56
Setting up
# 3 2 0 0 0
1222	0
# 3 2 0 0 1
1855	0
# 3 2 0 0 2
2309	0
# 3 2 0 0 3
5094	0
# 3 2 0 1 0
1157	0
# 3 2 0 1 1
1841	0
# 3 2 0 1 2
2646	0
# 3 2 0 1 3
5054	0
# 3 2 0 2 0
1133	0
# 3 2 0 2 1
1360	0
# 3 2 0 2 2
3073	0
# 3 2 0 2 3
5420	0
# 3 2 0 3 0
1527	0
# 3 2 0 3 1
1892	0
# 3 2 0 3 2
3460	0
# 3 2 0 3 3
5982	0
# 3 2 0 4 0
2471	0
# 3 2 0 4 1
3990	0
# 3 2 0 4 2
7467	0
# 3 2 0 4 3
15455	0
# 3 2 0 5 0
5406	0
# 3 2 0 5 1
9838	0
# 3 2 0 5 2
21971	0
# 3 2 0 5 3
40076	0
# 3 2 0 6 0
19951	0
# 3 2 0 6 1
39242	0
# 3 2 0 6 2
73253	0
# 3 2 0 6 3
149845	0
# 3 2 1 0 0
1418	0
# 3 2 1 0 1
2436	0
# 3 2 1 0 2
4074	0
# 3 2 1 0 3
7022	0
# 3 2 1 1 0
1738	0
# 3 2 1 1 1
2382	0
# 3 2 1 1 2
3671	0
# 3 2 1 1 3
7683	0
# 3 2 1 2 0
1206	0
# 3 2 1 2 1
2536	0
# 3 2 1 2 2
4969	0
# 3 2 1 2 3
8853	0
# 3 2 1 3 0
1525	0
# 3 2 1 3 1
2785	0
# 3 2 1 3 2
5390	0
# 3 2 1 3 3
8388	0
# 3 2 1 4 0
2537	0
# 3 2 1 4 1
208187	0
# 3 2 1 4 2
212125	0
# 3 2 1 4 3
225755	0
# 3 2 1 5 0
8814	0
# 3 2 1 5 1
213791	0
# 3 2 1 5 2
229049	0
# 3 2 1 5 3
254569	0
# 3 2 1 6 0
221721	0
# 3 2 1 6 1
247705	0
# 3 2 1 6 2
280833	0
# 3 2 1 6 3
392692	0
# 3 2 2 0 0
1917	0
# 3 2 2 0 1
3997	0
# 3 2 2 0 2
7343	0
# 3 2 2 0 3
14001	0
# 3 2 2 1 0
2146	0
# 3 2 2 1 1
3490	0
# 3 2 2 1 2
6810	0
# 3 2 2 1 3
14054	0
# 3 2 2 2 0
2066	0
# 3 2 2 2 1
3896	0
# 3 2 2 2 2
6744	0
# 3 2 2 2 3
14784	0
# 3 2 2 3 0
2370	0
# 3 2 2 3 1
4477	0
# 3 2 2 3 2
7793	0
# 3 2 2 3 3
14417	0
# 3 2 2 4 0
204052	0
# 3 2 2 4 1
211141	0
# 3 2 2 4 2
221210	0
# 3 2 2 4 3
232894	0
# 3 2 2 5 0
213845	0
# 3 2 2 5 1
224478	0
# 3 2 2 5 2
227614	0
# 3 2 2 5 3
284986	0
# 3 2 2 6 0
239996	0
# 3 2 2 6 1
279636	0
# 3 2 2 6 2
487895	0
# 3 2 2 6 3
673599	0
# 3 2 3 0 0
4008	0
# 3 2 3 0 1
7370	0
# 3 2 3 0 2
13249	0
# 3 2 3 0 3
24375	0
# 3 2 3 1 0
3677	0
# 3 2 3 1 1
7264	0
# 3 2 3 1 2
13530	0
# 3 2 3 1 3
22618	0
# 3 2 3 2 0
202573	1
# 3 2 3 2 1
7554	0
# 3 2 3 2 2
14758	0
# 3 2 3 2 3
25052	0
# 3 2 3 3 0
3668	0
# 3 2 3 3 1
7822	0
# 3 2 3 3 2
14592	0
# 3 2 3 3 3
31867	0
# 3 2 3 4 0
208454	0
# 3 2 3 4 1
212448	1
# 3 2 3 4 2
227334	1
# 3 2 3 4 3
254232	0
# 3 2 3 5 0
217255	0
# 3 2 3 5 1
232783	1
# 3 2 3 5 2
263994	0
# 3 2 3 5 3
363782	0
# 3 2 3 6 0
256863	1
# 3 2 3 6 1
336656	0
# 3 2 3 6 2
644184	0
# 3 2 3 6 3
842503	2
# 3 2 4 0 0
6239	2
# 3 2 4 0 1
10418	8
# 3 2 4 0 2
20272	20
# 3 2 4 0 3
38883	40
# 3 2 4 1 0
6632	2
# 3 2 4 1 1
10429	8
# 3 2 4 1 2
23732	18
# 3 2 4 1 3
39038	35
# 3 2 4 2 0
4534	6
# 3 2 4 2 1
10468	7
# 3 2 4 2 2
20201	16
# 3 2 4 2 3
44359	32
# 3 2 4 3 0
7291	3
# 3 2 4 3 1
16434	7
# 3 2 4 3 2
21289	22
# 3 2 4 3 3
50065	42
# 3 2 4 4 0
212740	3
# 3 2 4 4 1
224594	7
# 3 2 4 4 2
417530	15
# 3 2 4 4 3
476727	44
# 3 2 4 5 0
225061	4
# 3 2 4 5 1
247611	10
# 3 2 4 5 2
336307	16
# 3 2 4 5 3
501974	32
# 3 2 4 6 0
273577	4
# 3 2 4 6 1
441371	8
# 3 2 4 6 2
652954	16
# 3 2 4 6 3
1346620	32
Setting up
# 3 3 0 0 0
1102	0
# 3 3 0 0 1
1427	0
# 3 3 0 0 2
2378	0
# 3 3 0 0 3
4630	0
# 3 3 0 1 0
966	0
# 3 3 0 1 1
1295	0
# 3 3 0 1 2
2627	0
# 3 3 0 1 3
5051	0
# 3 3 0 2 0
786	0
# 3 3 0 2 1
1911	0
# 3 3 0 2 2
2615	0
# 3 3 0 2 3
5038	0
# 3 3 0 3 0
1221	0
# 3 3 0 3 1
1780	0
# 3 3 0 3 2
3342	0
# 3 3 0 3 3
6362	0
# 3 3 0 4 0
2455	0
# 3 3 0 4 1
4078	0
# 3 3 0 4 2
209461	0
# 3 3 0 4 3
216142	0
# 3 3 0 5 0
6520	0
# 3 3 0 5 1
212652	0
# 3 3 0 5 2
21218	0
# 3 3 0 5 3
243907	0
# 3 3 0 6 0
20479	0
# 3 3 0 6 1
38716	0
# 3 3 0 6 2
285950	0
# 3 3 0 6 3
362251	0
# 3 3 1 0 0
1956	0
# 3 3 1 0 1
2136	0
# 3 3 1 0 2
3452	0
# 3 3 1 0 3
8378	0
# 3 3 1 1 0
1328	0
# 3 3 1 1 1
2990	0
# 3 3 1 1 2
4529	0
# 3 3 1 1 3
7448	0
# 3 3 1 2 0
1387	0
# 3 3 1 2 1
2370	0
# 3 3 1 2 2
4360	0
# 3 3 1 2 3
8458	0
# 3 3 1 3 0
1542	0
# 3 3 1 3 1
3111	0
# 3 3 1 3 2
4870	0
# 3 3 1 3 3
10179	0
# 3 3 1 4 0
3979	0
# 3 3 1 4 1
207243	0
# 3 3 1 4 2
210434	0
# 3 3 1 4 3
221536	0
# 3 3 1 5 0
9962	0
# 3 3 1 5 1
217835	0
# 3 3 1 5 2
224772	0
# 3 3 1 5 3
252420	0
# 3 3 1 6 0
35515	0
# 3 3 1 6 1
246860	0
# 3 3 1 6 2
296558	0
# 3 3 1 6 3
580956	0
# 3 3 2 0 0
2098	0
# 3 3 2 0 1
3582	0
# 3 3 2 0 2
7472	0
# 3 3 2 0 3
14248	0
# 3 3 2 1 0
1898	0
# 3 3 2 1 1
3507	0
# 3 3 2 1 2
6693	0
# 3 3 2 1 3
13839	0
# 3 3 2 2 0
1890	0
# 3 3 2 2 1
3823	0
# 3 3 2 2 2
6566	0
# 3 3 2 2 3
14651	0
# 3 3 2 3 0
2475	0
# 3 3 2 3 1
4456	0
# 3 3 2 3 2
7284	0
# 3 3 2 3 3
15071	0
# 3 3 2 4 0
205876	0
# 3 3 2 4 1
209509	0
# 3 3 2 4 2
215300	0
# 3 3 2 4 3
425333	0
# 3 3 2 5 0
212095	0
# 3 3 2 5 1
219202	0
# 3 3 2 5 2
246977	0
# 3 3 2 5 3
266350	0
# 3 3 2 6 0
223509	0
# 3 3 2 6 1
272183	0
# 3 3 2 6 2
322144	0
# 3 3 2 6 3
974815	0
# 3 3 3 0 0
4090	0
# 3 3 3 0 1
7122	0
# 3 3 3 0 2
13822	0
# 3 3 3 0 3
26540	0
# 3 3 3 1 0
4129	0
# 3 3 3 1 1
6842	0
# 3 3 3 1 2
15394	0
# 3 3 3 1 3
28362	0
# 3 3 3 2 0
3619	0
# 3 3 3 2 1
203264	0
# 3 3 3 2 2
13414	0
# 3 3 3 2 3
27148	0
# 3 3 3 3 0
4244	0
# 3 3 3 3 1
7925	0
# 3 3 3 3 2
14632	0
# 3 3 3 3 3
27456	0
# 3 3 3 4 0
209020	0
# 3 3 3 4 1
214024	0
# 3 3 3 4 2
225117	0
# 3 3 3 4 3
433594	0
# 3 3 3 5 0
220379	0
# 3 3 3 5 1
244593	0
# 3 3 3 5 2
273783	0
# 3 3 3 5 3
375181	0
# 3 3 3 6 0
262548	0
# 3 3 3 6 1
330453	0
# 3 3 3 6 2
495795	0
# 3 3 3 6 3
1009068	0
# 3 3 4 0 0
7186	0
# 3 3 4 0 1
14799	0
# 3 3 4 0 2
26599	0
# 3 3 4 0 3
59634	0
# 3 3 4 1 0
7073	0
# 3 3 4 1 1
12473	4
# 3 3 4 1 2
30424	0
# 3 3 4 1 3
59868	0
# 3 3 4 2 0
7127	1
# 3 3 4 2 1
13796	0
# 3 3 4 2 2
28795	2
# 3 3 4 2 3
208401	0
# 3 3 4 3 0
8684	0
# 3 3 4 3 1
15076	0
# 3 3 4 3 2
30495	0
# 3 3 4 3 3
57604	0
# 3 3 4 4 0
408931	0
# 3 3 4 4 1
226084	0
# 3 3 4 4 2
451584	0
# 3 3 4 4 3
3013227	0
# 3 3 4 5 0
434594	0
# 3 3 4 5 1
445744	0
# 3 3 4 5 2
669439	0
# 3 3 4 5 3
554567	0
# 3 3 4 6 0
534457	0
# 3 3 4 6 1
462761	0
# 3 3 4 6 2
883008	0
# 3 3 4 6 3
1638725	0
Setting up
# 3 4 0 0 0
1151	0
# 3 4 0 0 1
1549	0
# 3 4 0 0 2
3032	0
# 3 4 0 0 3
5011	0
# 3 4 0 1 0
1205	0
# 3 4 0 1 1
1529	0
# 3 4 0 1 2
2712	0
# 3 4 0 1 3
5725	0
# 3 4 0 2 0
1020	0
# 3 4 0 2 1
1186	0
# 3 4 0 2 2
3107	0
# 3 4 0 2 3
5200	0
# 3 4 0 3 0
935	0
# 3 4 0 3 1
1738	0
# 3 4 0 3 2
3414	0
# 3 4 0 3 3
6569	0
# 3 4 0 4 0
2208	0
# 3 4 0 4 1
4137	0
# 3 4 0 4 2
7393	0
# 3 4 0 4 3
13507	0
# 3 4 0 5 0
5977	0
# 3 4 0 5 1
9993	0
# 3 4 0 5 2
18518	0
# 3 4 0 5 3
40827	0
# 3 4 0 6 0
18821	0
# 3 4 0 6 1
40533	0
# 3 4 0 6 2
79376	0
# 3 4 0 6 3
362461	0
# 3 4 1 0 0
1327	0
# 3 4 1 0 1
1702	0
# 3 4 1 0 2
3748	0
# 3 4 1 0 3
7740	0
# 3 4 1 1 0
1148	0
# 3 4 1 1 1
2409	0
# 3 4 1 1 2
3697	0
# 3 4 1 1 3
8417	0
# 3 4 1 2 0
1156	0
# 3 4 1 2 1
2460	0
# 3 4 1 2 2
4051	0
# 3 4 1 2 3
7496	0
# 3 4 1 3 0
1396	0
# 3 4 1 3 1
2898	0
# 3 4 1 3 2
5108	0
# 3 4 1 3 3
9319	0
# 3 4 1 4 0
205982	0
# 3 4 1 4 1
207315	0
# 3 4 1 4 2
212729	0
# 3 4 1 4 3
224391	0
# 3 4 1 5 0
210776	0
# 3 4 1 5 1
215847	0
# 3 4 1 5 2
27429	0
# 3 4 1 5 3
247315	0
# 3 4 1 6 0
30063	0
# 3 4 1 6 1
250083	0
# 3 4 1 6 2
288525	0
# 3 4 1 6 3
370221	0
# 3 4 2 0 0
2085	0
# 3 4 2 0 1
3865	0
# 3 4 2 0 2
8226	0
# 3 4 2 0 3
14272	0
# 3 4 2 1 0
2145	0
# 3 4 2 1 1
3893	0
# 3 4 2 1 2
6555	0
# 3 4 2 1 3
14740	0
# 3 4 2 2 0
2548	0
# 3 4 2 2 1
3642	0
# 3 4 2 2 2
6657	0
# 3 4 2 2 3
13801	0
# 3 4 2 3 0
2057	0
# 3 4 2 3 1
4202	0
# 3 4 2 3 2
8248	0
# 3 4 2 3 3
13738	0
# 3 4 2 4 0
205864	0
# 3 4 2 4 1
208805	0
# 3 4 2 4 2
217921	0
# 3 4 2 4 3
433313	0
# 3 4 2 5 0
216228	0
# 3 4 2 5 1
221733	0
# 3 4 2 5 2
239655	0
# 3 4 2 5 3
297653	0
# 3 4 2 6 0
236673	0
# 3 4 2 6 1
275712	0
# 3 4 2 6 2
366112	0
# 3 4 2 6 3
573431	0
# 3 4 3 0 0
4239	0
# 3 4 3 0 1
7138	0
# 3 4 3 0 2
13740	0
# 3 4 3 0 3
23807	0
# 3 4 3 1 0
3602	0
# 3 4 3 1 1
7079	0
# 3 4 3 1 2
13925	0
# 3 4 3 1 3
23812	0
# 3 4 3 2 0
3926	0
# 3 4 3 2 1
7154	0
# 3 4 3 2 2
13789	0
# 3 4 3 2 3
26433	0
# 3 4 3 3 0
3883	0
# 3 4 3 3 1
8042	0
# 3 4 3 3 2
14441	0
# 3 4 3 3 3
23902	0
# 3 4 3 4 0
210101	0
# 3 4 3 4 1
211736	0
# 3 4 3 4 2
226062	0
# 3 4 3 4 3
253055	0
# 3 4 3 5 0
220628	0
# 3 4 3 5 1
233552	0
# 3 4 3 5 2
280473	0
# 3 4 3 5 3
376274	0
# 3 4 3 6 0
270190	0
# 3 4 3 6 1
388972	0
# 3 4 3 6 2
506972	0
# 3 4 3 6 3
1007730	0
# 3 4 4 0 0
7181	0
# 3 4 4 0 1
14369	0
# 3 4 4 0 2
27346	0
# 3 4 4 0 3
51777	0
# 3 4 4 1 0
6938	0
# 3 4 4 1 1
14475	0
# 3 4 4 1 2
26909	0
# 3 4 4 1 3
55991	0
# 3 4 4 2 0
7381	0
# 3 4 4 2 1
14340	0
# 3 4 4 2 2
205444	0
# 3 4 4 2 3
56577	0
# 3 4 4 3 0
6918	0
# 3 4 4 3 1
218643	0
# 3 4 4 3 2
28092	0
# 3 4 4 3 3
58432	0
# 3 4 4 4 0
419781	0
# 3 4 4 4 1
428024	0
# 3 4 4 4 2
433952	0
# 3 4 4 4 3
439456	0
# 3 4 4 5 0
426210	0
# 3 4 4 5 1
483338	0
# 3 4 4 5 2
475959	0
# 3 4 4 5 3
642496	0
# 3 4 4 6 0
521327	0
# 3 4 4 6 1
544040	0
# 3 4 4 6 2
999127	0
# 3 4 4 6 3
3572043	0
Setting up
# 3 5 0 0 0
1536	0
# 3 5 0 0 1
1486	0
# 3 5 0 0 2
2834	0
# 3 5 0 0 3
4764	0
# 3 5 0 1 0
1215	0
# 3 5 0 1 1
1343	0
# 3 5 0 1 2
2843	0
# 3 5 0 1 3
4686	0
# 3 5 0 2 0
1279	0
# 3 5 0 2 1
1615	0
# 3 5 0 2 2
2011	0
# 3 5 0 2 3
4412	0
# 3 5 0 3 0
1375	0
# 3 5 0 3 1
1996	0
# 3 5 0 3 2
3561	0
# 3 5 0 3 3
5728	0
# 3 5 0 4 0
2064	0
# 3 5 0 4 1
4533	0
# 3 5 0 4 2
209829	0
# 3 5 0 4 3
216431	0
# 3 5 0 5 0
208134	0
# 3 5 0 5 1
11132	0
# 3 5 0 5 2
224644	0
# 3 5 0 5 3
244211	0
# 3 5 0 6 0
23691	0
# 3 5 0 6 1
38783	0
# 3 5 0 6 2
280505	0
# 3 5 0 6 3
359031	0
# 3 5 1 0 0
1066	0
# 3 5 1 0 1
2788	0
# 3 5 1 0 2
4404	0
# 3 5 1 0 3
6506	0
# 3 5 1 1 0
1201	0
# 3 5 1 1 1
2673	0
# 3 5 1 1 2
4081	0
# 3 5 1 1 3
8912	0
# 3 5 1 2 0
1232	0
# 3 5 1 2 1
2282	0
# 3 5 1 2 2
4078	0
# 3 5 1 2 3
7606	0
# 3 5 1 3 0
1944	0
# 3 5 1 3 1
3424	0
# 3 5 1 3 2
5441	0
# 3 5 1 3 3
9326	0
# 3 5 1 4 0
3367	0
# 3 5 1 4 1
206966	0
# 3 5 1 4 2
210419	0
# 3 5 1 4 3
222465	0
# 3 5 1 5 0
8886	0
# 3 5 1 5 1
216245	0
# 3 5 1 5 2
233765	0
# 3 5 1 5 3
250119	0
# 3 5 1 6 0
25471	0
# 3 5 1 6 1
244529	0
# 3 5 1 6 2
500565	0
# 3 5 1 6 3
584795	0
# 3 5 2 0 0
2668	0
# 3 5 2 0 1
3530	0
# 3 5 2 0 2
6597	0
# 3 5 2 0 3
13806	0
# 3 5 2 1 0
1955	0
# 3 5 2 1 1
3787	0
# 3 5 2 1 2
7052	0
# 3 5 2 1 3
15456	0
# 3 5 2 2 0
2107	0
# 3 5 2 2 1
3493	0
# 3 5 2 2 2
6364	0
# 3 5 2 2 3
14133	0
# 3 5 2 3 0
2325	0
# 3 5 2 3 1
4397	0
# 3 5 2 3 2
7753	0
# 3 5 2 3 3
15378	0
# 3 5 2 4 0
206221	0
# 3 5 2 4 1
208521	0
# 3 5 2 4 2
215524	0
# 3 5 2 4 3
232966	0
# 3 5 2 5 0
211874	0
# 3 5 2 5 1
223839	0
# 3 5 2 5 2
231299	0
# 3 5 2 5 3
260726	0
# 3 5 2 6 0
225739	0
# 3 5 2 6 1
272506	0
# 3 5 2 6 2
370314	0
# 3 5 2 6 3
692165	0
# 3 5 3 0 0
3650	0
# 3 5 3 0 1
7321	0
# 3 5 3 0 2
12627	0
# 3 5 3 0 3
205726	0
# 3 5 3 1 0
4128	0
# 3 5 3 1 1
7302	0
# 3 5 3 1 2
12190	0
# 3 5 3 1 3
25604	0
# 3 5 3 2 0
3521	0
# 3 5 3 2 1
7006	0
# 3 5 3 2 2
16696	0
# 3 5 3 2 3
28343	0
# 3 5 3 3 0
4612	0
# 3 5 3 3 1
7740	0
# 3 5 3 3 2
14666	0
# 3 5 3 3 3
30908	0
# 3 5 3 4 0
209173	0
# 3 5 3 4 1
214447	0
# 3 5 3 4 2
418274	0
# 3 5 3 4 3
254021	0
# 3 5 3 5 0
218675	0
# 3 5 3 5 1
235755	0
# 3 5 3 5 2
287505	0
# 3 5 3 5 3
359368	0
# 3 5 3 6 0
274604	0
# 3 5 3 6 1
460825	0
# 3 5 3 6 2
679076	0
# 3 5 3 6 3
872670	0
# 3 5 4 0 0
7059	0
# 3 5 4 0 1
3001620	0
# 3 5 4 0 2
27438	0
# 3 5 4 0 3
54057	0
# 3 5 4 1 0
6859	0
# 3 5 4 1 1
14481	0
# 3 5 4 1 2
29120	0
# 3 5 4 1 3
49135	0
# 3 5 4 2 0
7885	0
# 3 5 4 2 1
15350	0
# 3 5 4 2 2
29437	0
# 3 5 4 2 3
56727	0
# 3 5 4 3 0
8654	0
# 3 5 4 3 1
16468	0
# 3 5 4 3 2
26522	0
# 3 5 4 3 3
56644	0
# 3 5 4 4 0
407985	0
# 3 5 4 4 1
424886	0
# 3 5 4 4 2
435108	0
# 3 5 4 4 3
472249	0
# 3 5 4 5 0
441552	0
# 3 5 4 5 1
789528	0
# 3 5 4 5 2
456567	0
# 3 5 4 5 3
562567	0
# 3 5 4 6 0
356963	0
# 3 5 4 6 1
534408	0
# 3 5 4 6 2
800261	0
# 3 5 4 6 3
1998937	0
Setting up
# 4 0 0 0 0
752	0
# 4 0 0 0 1
1787	0
# 4 0 0 0 2
2459	0
# 4 0 0 0 3
4609	0
# 4 0 0 1 0
712	0
# 4 0 0 1 1
1778	0
# 4 0 0 1 2
2479	0
# 4 0 0 1 3
5007	0
# 4 0 0 2 0
1064	0
# 4 0 0 2 1
1813	0
# 4 0 0 2 2
2675	0
# 4 0 0 2 3
5120	0
# 4 0 0 3 0
1551	0
# 4 0 0 3 1
2250	0
# 4 0 0 3 2
3509	0
# 4 0 0 3 3
5274	0
# 4 0 0 4 0
2598	0
# 4 0 0 4 1
4241	0
# 4 0 0 4 2
209492	0
# 4 0 0 4 3
217550	0
# 4 0 0 5 0
6292	0
# 4 0 0 5 1
11363	0
# 4 0 0 5 2
20499	0
# 4 0 0 5 3
40765	0
# 4 0 0 6 0
223801	0
# 4 0 0 6 1
39616	0
# 4 0 0 6 2
283416	0
# 4 0 0 6 3
376689	0
# 4 0 1 0 0
1528	0
# 4 0 1 0 1
2235	0
# 4 0 1 0 2
4798	0
# 4 0 1 0 3
8061	0
# 4 0 1 1 0
1080	0
# 4 0 1 1 1
2128	0
# 4 0 1 1 2
4525	0
# 4 0 1 1 3
8029	0
# 4 0 1 2 0
1227	0
# 4 0 1 2 1
2303	0
# 4 0 1 2 2
3907	0
# 4 0 1 2 3
8314	0
# 4 0 1 3 0
1533	0
# 4 0 1 3 1
2864	0
# 4 0 1 3 2
4387	0
# 4 0 1 3 3
8468	2
# 4 0 1 4 0
205080	0
# 4 0 1 4 1
206591	0
# 4 0 1 4 2
211800	0
# 4 0 1 4 3
219756	2
# 4 0 1 5 0
8237	0
# 4 0 1 5 1
217618	0
# 4 0 1 5 2
223408	0
# 4 0 1 5 3
248994	0
# 4 0 1 6 0
225208	0
# 4 0 1 6 1
247545	0
# 4 0 1 6 2
289752	0
# 4 0 1 6 3
389402	0
# 4 0 2 0 0
2058	0
# 4 0 2 0 1
2392	3
# 4 0 2 0 2
7474	0
# 4 0 2 0 3
13625	0
# 4 0 2 1 0
2214	0
# 4 0 2 1 1
3922	0
# 4 0 2 1 2
6694	2
# 4 0 2 1 3
12572	2
# 4 0 2 2 0
2358	0
# 4 0 2 2 1
4226	0
# 4 0 2 2 2
5898	2
# 4 0 2 2 3
11626	4
# 4 0 2 3 0
2474	2
# 4 0 2 3 1
3297	2
# 4 0 2 3 2
6569	2
# 4 0 2 3 3
14379	3
# 4 0 2 4 0
205079	2
# 4 0 2 4 1
207028	2
# 4 0 2 4 2
212642	2
# 4 0 2 4 3
222717	7
# 4 0 2 5 0
211496	1
# 4 0 2 5 1
218775	0
# 4 0 2 5 2
234900	3
# 4 0 2 5 3
275807	3
# 4 0 2 6 0
225214	2
# 4 0 2 6 1
260112	1
# 4 0 2 6 2
342626	0
# 4 0 2 6 3
602055	0
# 4 0 3 0 0
3076	2
# 4 0 3 0 1
5391	2
# 4 0 3 0 2
12040	4
# 4 0 3 0 3
27302	3
# 4 0 3 1 0
2379	3
# 4 0 3 1 1
4668	7
# 4 0 3 1 2
12533	4
# 4 0 3 1 3
24094	6
# 4 0 3 2 0
3556	0
# 4 0 3 2 1
4916	6
# 4 0 3 2 2
11387	8
# 4 0 3 2 3
24107	3
# 4 0 3 3 0
4100	0
# 4 0 3 3 1
6160	2
# 4 0 3 3 2
13100	4
# 4 0 3 3 3
26622	4
# 4 0 3 4 0
5000	5
# 4 0 3 4 1
210659	6
# 4 0 3 4 2
218977	9
# 4 0 3 4 3
235497	20
# 4 0 3 5 0
211381	3
# 4 0 3 5 1
225482	6
# 4 0 3 5 2
264300	7
# 4 0 3 5 3
341317	9
# 4 0 3 6 0
230373	3
# 4 0 3 6 1
533890	2
# 4 0 3 6 2
442043	1
# 4 0 3 6 3
885534	5
# 4 0 4 0 0
204725	8
# 4 0 4 0 1
11692	5
# 4 0 4 0 2
21336	17
# 4 0 4 0 3
42086	26
# 4 0 4 1 0
3863	6
# 4 0 4 1 1
11352	8
# 4 0 4 1 2
22279	12
# 4 0 4 1 3
3004694	24
# 4 0 4 2 0
238685	7
# 4 0 4 2 1
664162	12
# 4 0 4 2 2
21383	15
# 4 0 4 2 3
48147	19
# 4 0 4 3 0
243603	8
# 4 0 4 3 1
6831	20
# 4 0 4 3 2
3003063	23
# 4 0 4 3 3
50576	16
# 4 0 4 4 0
212969	5
# 4 0 4 4 1
419870	10
# 4 0 4 4 2
436901	21
# 4 0 4 4 3
265341	44
# 4 0 4 5 0
222457	7
# 4 0 4 5 1
229524	20
# 4 0 4 5 2
3230998	22
# 4 0 4 5 3
3253914	30
# 4 0 4 6 0
269182	4
# 4 0 4 6 1
539494	7
# 4 0 4 6 2
826796	4
# 4 0 4 6 3
1264078	25
Setting up
# 4 1 0 0 0
781	0
# 4 1 0 0 1
1733	0
# 4 1 0 0 2
2678	0
# 4 1 0 0 3
5059	0
# 4 1 0 1 0
697	0
# 4 1 0 1 1
1908	0
# 4 1 0 1 2
2386	0
# 4 1 0 1 3
5129	0
# 4 1 0 2 0
917	0
# 4 1 0 2 1
1624	0
# 4 1 0 2 2
2380	0
# 4 1 0 2 3
4971	0
# 4 1 0 3 0
1231	0
# 4 1 0 3 1
2259	0
# 4 1 0 3 2
3034	0
# 4 1 0 3 3
6114	0
# 4 1 0 4 0
2213	0
# 4 1 0 4 1
3811	0
# 4 1 0 4 2
209969	0
# 4 1 0 4 3
217464	0
# 4 1 0 5 0
6547	0
# 4 1 0 5 1
11220	0
# 4 1 0 5 2
22534	0
# 4 1 0 5 3
244586	0
# 4 1 0 6 0
19665	0
# 4 1 0 6 1
41503	0
# 4 1 0 6 2
284797	0
# 4 1 0 6 3
370041	0
# 4 1 1 0 0
1386	0
# 4 1 1 0 1
2285	0
# 4 1 1 0 2
3915	0
# 4 1 1 0 3
8462	0
# 4 1 1 1 0
1106	0
# 4 1 1 1 1
2352	0
# 4 1 1 1 2
3849	0
# 4 1 1 1 3
8577	0
# 4 1 1 2 0
1373	0
# 4 1 1 2 1
2308	0
# 4 1 1 2 2
4354	0
# 4 1 1 2 3
7703	0
# 4 1 1 3 0
1383	0
# 4 1 1 3 1
3290	0
# 4 1 1 3 2
4793	0
# 4 1 1 3 3
9834	0
# 4 1 1 4 0
2615	0
# 4 1 1 4 1
206018	0
# 4 1 1 4 2
212271	0
# 4 1 1 4 3
220922	0
# 4 1 1 5 0
208696	0
# 4 1 1 5 1
14094	0
# 4 1 1 5 2
226008	0
# 4 1 1 5 3
250605	0
# 4 1 1 6 0
224828	0
# 4 1 1 6 1
251230	0
# 4 1 1 6 2
280942	0
# 4 1 1 6 3
397796	0
# 4 1 2 0 0
2043	0
# 4 1 2 0 1
3524	1
# 4 1 2 0 2
7211	0
# 4 1 2 0 3
19028	0
# 4 1 2 1 0
2105	0
# 4 1 2 1 1
4695	1
# 4 1 2 1 2
6778	1
# 4 1 2 1 3
14725	0
# 4 1 2 2 0
2299	0
# 4 1 2 2 1
3746	0
# 4 1 2 2 2
6238	0
# 4 1 2 2 3
15076	0
# 4 1 2 3 0
2398	0
# 4 1 2 3 1
4009	1
# 4 1 2 3 2
7261	0
# 4 1 2 3 3
15484	0
# 4 1 2 4 0
206062	1
# 4 1 2 4 1
209982	0
# 4 1 2 4 2
216709	1
# 4 1 2 4 3
236398	0
# 4 1 2 5 0
211877	0
# 4 1 2 5 1
223410	0
# 4 1 2 5 2
249124	0
# 4 1 2 5 3
287137	1
# 4 1 2 6 0
246769	0
# 4 1 2 6 1
252416	0
# 4 1 2 6 2
481934	1
# 4 1 2 6 3
744365	0
# 4 1 3 0 0
3201	2
# 4 1 3 0 1
7579	0
# 4 1 3 0 2
14969	0
# 4 1 3 0 3
27315	0
# 4 1 3 1 0
2748	2
# 4 1 3 1 1
8380	1
# 4 1 3 1 2
17656	5
# 4 1 3 1 3
34619	0
# 4 1 3 2 0
4281	0
# 4 1 3 2 1
6958	2
# 4 1 3 2 2
17943	0
# 4 1 3 2 3
31159	0
# 4 1 3 3 0
5300	0
# 4 1 3 3 1
7543	0
# 4 1 3 3 2
17681	1
# 4 1 3 3 3
32281	3
# 4 1 3 4 0
206217	2
# 4 1 3 4 1
214374	3
# 4 1 3 4 2
229811	1
# 4 1 3 4 3
251666	12
# 4 1 3 5 0
211361	2
# 4 1 3 5 1
223668	2
# 4 1 3 5 2
247897	13
# 4 1 3 5 3
352755	3
# 4 1 3 6 0
274734	0
# 4 1 3 6 1
309879	2
# 4 1 3 6 2
514693	0
# 4 1 3 6 3
1028562	2
# 4 1 4 0 0
4684	5
# 4 1 4 0 1
12761	3
# 4 1 4 0 2
24745	6
# 4 1 4 0 3
45878	3
# 4 1 4 1 0
6065	2
# 4 1 4 1 1
12562	2
# 4 1 4 1 2
26484	3
# 4 1 4 1 3
49345	1
# 4 1 4 2 0
6301	3
# 4 1 4 2 1
12508	6
# 4 1 4 2 2
25946	6
# 4 1 4 2 3
49809	18
# 4 1 4 3 0
3457	8
# 4 1 4 3 1
11508	8
# 4 1 4 3 2
25704	3
# 4 1 4 3 3
45314	6
# 4 1 4 4 0
211934	0
# 4 1 4 4 1
413995	8
# 4 1 4 4 2
437928	7
# 4 1 4 4 3
494600	2
# 4 1 4 5 0
416376	0
# 4 1 4 5 1
454168	5
# 4 1 4 5 2
502555	10
# 4 1 4 5 3
533165	7
# 4 1 4 6 0
342256	2
# 4 1 4 6 1
3042189	5
# 4 1 4 6 2
3298788	11
# 4 1 4 6 3
1653526	3
Setting up
# 4 2 0 0 0
1071	0
# 4 2 0 0 1
1504	0
# 4 2 0 0 2
3217	0
# 4 2 0 0 3
5348	0
# 4 2 0 1 0
1103	0
# 4 2 0 1 1
1350	0
# 4 2 0 1 2
3078	0
# 4 2 0 1 3
5752	0
# 4 2 0 2 0
789	0
# 4 2 0 2 1
1623	0
# 4 2 0 2 2
2959	0
# 4 2 0 2 3
5316	0
# 4 2 0 3 0
1393	0
# 4 2 0 3 1
1668	0
# 4 2 0 3 2
3146	0
# 4 2 0 3 3
5500	0
# 4 2 0 4 0
2483	0
# 4 2 0 4 1
205903	0
# 4 2 0 4 2
209797	0
# 4 2 0 4 3
216777	0
# 4 2 0 5 0
5247	0
# 4 2 0 5 1
10772	0
# 4 2 0 5 2
223449	0
# 4 2 0 5 3
247267	0
# 4 2 0 6 0
19823	0
# 4 2 0 6 1
243370	0
# 4 2 0 6 2
81435	0
# 4 2 0 6 3
364284	0
# 4 2 1 0 0
1592	0
# 4 2 1 0 1
2198	0
# 4 2 1 0 2
4219	0
# 4 2 1 0 3
7614	0
# 4 2 1 1 0
1772	0
# 4 2 1 1 1
2236	0
# 4 2 1 1 2
3845	0
# 4 2 1 1 3
9185	0
# 4 2 1 2 0
1803	0
# 4 2 1 2 1
2298	0
# 4 2 1 2 2
3402	0
# 4 2 1 2 3
8331	0
# 4 2 1 3 0
1906	0
# 4 2 1 3 1
2761	0
# 4 2 1 3 2
5329	0
# 4 2 1 3 3
8785	0
# 4 2 1 4 0
203974	0
# 4 2 1 4 1
206779	0
# 4 2 1 4 2
211569	0
# 4 2 1 4 3
227714	0
# 4 2 1 5 0
212454	0
# 4 2 1 5 1
25874	0
# 4 2 1 5 2
438873	0
# 4 2 1 5 3
464645	0
# 4 2 1 6 0
231131	0
# 4 2 1 6 1
55802	0
# 4 2 1 6 2
308743	0
# 4 2 1 6 3
409697	0
# 4 2 2 0 0
1948	0
# 4 2 2 0 1
4984	0
# 4 2 2 0 2
7680	0
# 4 2 2 0 3
13566	0
# 4 2 2 1 0
1976	0
# 4 2 2 1 1
3750	0
# 4 2 2 1 2
7725	0
# 4 2 2 1 3
14174	0
# 4 2 2 2 0
2070	0
# 4 2 2 2 1
3668	0
# 4 2 2 2 2
18150	0
# 4 2 2 2 3
14448	0
# 4 2 2 3 0
2392	0
# 4 2 2 3 1
4289	0
# 4 2 2 3 2
28458	0
# 4 2 2 3 3
27036	0
# 4 2 2 4 0
208748	0
# 4 2 2 4 1
210283	0
# 4 2 2 4 2
215390	0
# 4 2 2 4 3
231527	0
# 4 2 2 5 0
212105	0
# 4 2 2 5 1
226277	0
# 4 2 2 5 2
240835	0
# 4 2 2 5 3
447984	0
# 4 2 2 6 0
233430	0
# 4 2 2 6 1
474701	0
# 4 2 2 6 2
374105	0
# 4 2 2 6 3
452055	0
# 4 2 3 0 0
4421	0
# 4 2 3 0 1
6336	0
# 4 2 3 0 2
13635	1
# 4 2 3 0 3
26758	0
# 4 2 3 1 0
4027	0
# 4 2 3 1 1
7373	0
# 4 2 3 1 2
13434	0
# 4 2 3 1 3
25659	0
# 4 2 3 2 0
3406	1
# 4 2 3 2 1
7260	0
# 4 2 3 2 2
12990	0
# 4 2 3 2 3
26872	0
# 4 2 3 3 0
4388	0
# 4 2 3 3 1
7857	0
# 4 2 3 3 2
14067	0
# 4 2 3 3 3
30692	1
# 4 2 3 4 0
208539	0
# 4 2 3 4 1
212022	0
# 4 2 3 4 2
227083	1
# 4 2 3 4 3
451700	0
# 4 2 3 5 0
224208	0
# 4 2 3 5 1
234851	0
# 4 2 3 5 2
264368	0
# 4 2 3 5 3
361425	0
# 4 2 3 6 0
262878	0
# 4 2 3 6 1
362137	0
# 4 2 3 6 2
501450	0
# 4 2 3 6 3
915127	0
# 4 2 4 0 0
6888	1
# 4 2 4 0 1
13848	0
# 4 2 4 0 2
24756	0
# 4 2 4 0 3
55830	1
# 4 2 4 1 0
7788	0
# 4 2 4 1 1
13916	1
# 4 2 4 1 2
25350	0
# 4 2 4 1 3
54517	0
# 4 2 4 2 0
6502	0
# 4 2 4 2 1
14322	1
# 4 2 4 2 2
29393	0
# 4 2 4 2 3
49585	11
# 4 2 4 3 0
6531	5
# 4 2 4 3 1
15714	0
# 4 2 4 3 2
27822	0
# 4 2 4 3 3
56573	0
# 4 2 4 4 0
213799	0
# 4 2 4 4 1
417986	0
# 4 2 4 4 2
3211662	2
# 4 2 4 4 3
3248511	2
# 4 2 4 5 0
229506	0
# 4 2 4 5 1
456402	0
# 4 2 4 5 2
524647	2
# 4 2 4 5 3
541642	2
# 4 2 4 6 0
334814	0
# 4 2 4 6 1
570003	0
# 4 2 4 6 2
809573	0
# 4 2 4 6 3
1510645	0
Setting up
# 4 3 0 0 0
1246	0
# 4 3 0 0 1
1264	0
# 4 3 0 0 2
3103	0
# 4 3 0 0 3
4781	0
# 4 3 0 1 0
1092	0
# 4 3 0 1 1
2053	0
# 4 3 0 1 2
2667	0
# 4 3 0 1 3
4991	0
# 4 3 0 2 0
1151	0
# 4 3 0 2 1
1327	0
# 4 3 0 2 2
3063	0
# 4 3 0 2 3
4736	0
# 4 3 0 3 0
1443	0
# 4 3 0 3 1
1680	0
# 4 3 0 3 2
3418	0
# 4 3 0 3 3
5769	0
# 4 3 0 4 0
2313	0
# 4 3 0 4 1
4000	0
# 4 3 0 4 2
208952	0
# 4 3 0 4 3
216369	0
# 4 3 0 5 0
5805	0
# 4 3 0 5 1
10961	0
# 4 3 0 5 2
21680	0
# 4 3 0 5 3
42975	0
# 4 3 0 6 0
21690	0
# 4 3 0 6 1
236548	0
# 4 3 0 6 2
72575	0
# 4 3 0 6 3
361533	0
# 4 3 1 0 0
1146	0
# 4 3 1 0 1
2299	0
# 4 3 1 0 2
4355	0
# 4 3 1 0 3
6644	0
# 4 3 1 1 0
1682	0
# 4 3 1 1 1
2817	0
# 4 3 1 1 2
4113	0
# 4 3 1 1 3
8516	0
# 4 3 1 2 0
1662	0
# 4 3 1 2 1
2766	0
# 4 3 1 2 2
3810	0
# 4 3 1 2 3
9494	0
# 4 3 1 3 0
1994	0
# 4 3 1 3 1
2880	0
# 4 3 1 3 2
4778	0
# 4 3 1 3 3
10154	0
# 4 3 1 4 0
204969	0
# 4 3 1 4 1
206316	0
# 4 3 1 4 2
208452	0
# 4 3 1 4 3
221240	0
# 4 3 1 5 0
209527	0
# 4 3 1 5 1
17610	0
# 4 3 1 5 2
26605	0
# 4 3 1 5 3
51637	0
# 4 3 1 6 0
28504	0
# 4 3 1 6 1
54164	0
# 4 3 1 6 2
290342	0
# 4 3 1 6 3
564520	0
# 4 3 2 0 0
2699	0
# 4 3 2 0 1
4046	0
# 4 3 2 0 2
6652	0
# 4 3 2 0 3
15697	0
# 4 3 2 1 0
2201	0
# 4 3 2 1 1
3978	0
# 4 3 2 1 2
7322	0
# 4 3 2 1 3
13463	0
# 4 3 2 2 0
2176	0
# 4 3 2 2 1
3432	0
# 4 3 2 2 2
7710	0
# 4 3 2 2 3
18455	0
# 4 3 2 3 0
2710	0
# 4 3 2 3 1
4495	0
# 4 3 2 3 2
7985	0
# 4 3 2 3 3
14812	0
# 4 3 2 4 0
204959	0
# 4 3 2 4 1
207878	0
# 4 3 2 4 2
215790	0
# 4 3 2 4 3
227194	0
# 4 3 2 5 0
209942	0
# 4 3 2 5 1
210443	0
# 4 3 2 5 2
425290	0
# 4 3 2 5 3
276170	0
# 4 3 2 6 0
239480	0
# 4 3 2 6 1
268192	0
# 4 3 2 6 2
338966	0
# 4 3 2 6 3
694369	0
# 4 3 3 0 0
3474	0
# 4 3 3 0 1
7126	0
# 4 3 3 0 2
14203	0
# 4 3 3 0 3
26969	0
# 4 3 3 1 0
4168	0
# 4 3 3 1 1
7264	0
# 4 3 3 1 2
13012	0
# 4 3 3 1 3
28018	0
# 4 3 3 2 0
3962	0
# 4 3 3 2 1
7801	0
# 4 3 3 2 2
12115	0
# 4 3 3 2 3
27830	0
# 4 3 3 3 0
3896	0
# 4 3 3 3 1
7034	0
# 4 3 3 3 2
13731	0
# 4 3 3 3 3
29123	0
# 4 3 3 4 0
208951	0
# 4 3 3 4 1
212589	0
# 4 3 3 4 2
222665	0
# 4 3 3 4 3
252568	0
# 4 3 3 5 0
221786	0
# 4 3 3 5 1
241099	0
# 4 3 3 5 2
273018	0
# 4 3 3 5 3
347802	0
# 4 3 3 6 0
281802	0
# 4 3 3 6 1
325221	0
# 4 3 3 6 2
515917	0
# 4 3 3 6 3
861017	0
# 4 3 4 0 0
10187	0
# 4 3 4 0 1
14245	0
# 4 3 4 0 2
36003	0
# 4 3 4 0 3
58128	0
# 4 3 4 1 0
9652	0
# 4 3 4 1 1
15153	0
# 4 3 4 1 2
28070	0
# 4 3 4 1 3
50746	0
# 4 3 4 2 0
7264	0
# 4 3 4 2 1
14963	0
# 4 3 4 2 2
26839	0
# 4 3 4 2 3
51719	0
# 4 3 4 3 0
6905	0
# 4 3 4 3 1
204681	0
# 4 3 4 3 2
27243	0
# 4 3 4 3 3
51543	0
# 4 3 4 4 0
212954	0
# 4 3 4 4 1
426028	0
# 4 3 4 4 2
444570	0
# 4 3 4 4 3
451658	0
# 4 3 4 5 0
233349	0
# 4 3 4 5 1
462043	0
# 4 3 4 5 2
488547	0
# 4 3 4 5 3
545908	0
# 4 3 4 6 0
322713	0
# 4 3 4 6 1
498502	0
# 4 3 4 6 2
785509	0
# 4 3 4 6 3
1463391	0
Setting up
# 4 4 0 0 0
1716	0
# 4 4 0 0 1
1582	0
# 4 4 0 0 2
3242	0
# 4 4 0 0 3
4704	0
# 4 4 0 1 0
872	0
# 4 4 0 1 1
1968	0
# 4 4 0 1 2
2983	0
# 4 4 0 1 3
4886	0
# 4 4 0 2 0
1319	0
# 4 4 0 2 1
1719	0
# 4 4 0 2 2
2545	0
# 4 4 0 2 3
5067	0
# 4 4 0 3 0
1258	0
# 4 4 0 3 1
1941	0
# 4 4 0 3 2
2679	0
# 4 4 0 3 3
6438	0
# 4 4 0 4 0
2363	0
# 4 4 0 4 1
3753	0
# 4 4 0 4 2
7786	0
# 4 4 0 4 3
14808	0
# 4 4 0 5 0
4851	0
# 4 4 0 5 1
11123	0
# 4 4 0 5 2
222121	0
# 4 4 0 5 3
244374	0
# 4 4 0 6 0
22014	0
# 4 4 0 6 1
239716	0
# 4 4 0 6 2
280583	0
# 4 4 0 6 3
349311	0
# 4 4 1 0 0
1674	0
# 4 4 1 0 1
1899	0
# 4 4 1 0 2
4771	0
# 4 4 1 0 3
7470	0
# 4 4 1 1 0
1126	0
# 4 4 1 1 1
2463	0
# 4 4 1 1 2
4280	0
# 4 4 1 1 3
8461	0
# 4 4 1 2 0
1334	0
# 4 4 1 2 1
2532	0
# 4 4 1 2 2
4290	0
# 4 4 1 2 3
8494	0
# 4 4 1 3 0
1535	0
# 4 4 1 3 1
2574	0
# 4 4 1 3 2
4858	0
# 4 4 1 3 3
9897	0
# 4 4 1 4 0
205943	0
# 4 4 1 4 1
6069	0
# 4 4 1 4 2
213923	0
# 4 4 1 4 3
224152	0
# 4 4 1 5 0
211163	0
# 4 4 1 5 1
14517	0
# 4 4 1 5 2
28130	0
# 4 4 1 5 3
247020	0
# 4 4 1 6 0
24960	0
# 4 4 1 6 1
247239	0
# 4 4 1 6 2
280286	0
# 4 4 1 6 3
378034	0
# 4 4 2 0 0
2360	0
# 4 4 2 0 1
4085	0
# 4 4 2 0 2
7845	0
# 4 4 2 0 3
13200	0
# 4 4 2 1 0
2152	0
# 4 4 2 1 1
4338	0
# 4 4 2 1 2
7806	0
# 4 4 2 1 3
14779	0
# 4 4 2 2 0
2047	0
# 4 4 2 2 1
4725	0
# 4 4 2 2 2
7223	0
# 4 4 2 2 3
14049	0
# 4 4 2 3 0
2167	0
# 4 4 2 3 1
4457	0
# 4 4 2 3 2
7864	0
# 4 4 2 3 3
14592	0
# 4 4 2 4 0
206654	0
# 4 4 2 4 1
211194	0
# 4 4 2 4 2
215179	0
# 4 4 2 4 3
230699	0
# 4 4 2 5 0
208579	0
# 4 4 2 5 1
224540	0
# 4 4 2 5 2
225337	0
# 4 4 2 5 3
264754	0
# 4 4 2 6 0
241690	0
# 4 4 2 6 1
277720	0
# 4 4 2 6 2
353051	0
# 4 4 2 6 3
484833	0
# 4 4 3 0 0
3936	0
# 4 4 3 0 1
6918	0
# 4 4 3 0 2
14374	0
# 4 4 3 0 3
29385	0
# 4 4 3 1 0
4481	0
# 4 4 3 1 1
7529	0
# 4 4 3 1 2
15788	0
# 4 4 3 1 3
28305	0
# 4 4 3 2 0
3486	0
# 4 4 3 2 1
6708	0
# 4 4 3 2 2
15109	0
# 4 4 3 2 3
26980	0
# 4 4 3 3 0
4123	0
# 4 4 3 3 1
7444	0
# 4 4 3 3 2
14407	0
# 4 4 3 3 3
27467	0
# 4 4 3 4 0
207507	0
# 4 4 3 4 1
211750	0
# 4 4 3 4 2
230641	0
# 4 4 3 4 3
456087	0
# 4 4 3 5 0
218057	0
# 4 4 3 5 1
247950	0
# 4 4 3 5 2
282681	0
# 4 4 3 5 3
375920	0
# 4 4 3 6 0
271940	0
# 4 4 3 6 1
326101	0
# 4 4 3 6 2
547041	0
# 4 4 3 6 3
783445	0
# 4 4 4 0 0
7167	0
# 4 4 4 0 1
13145	0
# 4 4 4 0 2
25576	0
# 4 4 4 0 3
207825	0
# 4 4 4 1 0
3002255	0
# 4 4 4 1 1
13827	0
# 4 4 4 1 2
27015	0
# 4 4 4 1 3
53180	0
# 4 4 4 2 0
6827	0
# 4 4 4 2 1
13638	0
# 4 4 4 2 2
25602	0
# 4 4 4 2 3
58247	0
# 4 4 4 3 0
8157	0
# 4 4 4 3 1
13182	0
# 4 4 4 3 2
28784	0
# 4 4 4 3 3
57695	0
# 4 4 4 4 0
212320	0
# 4 4 4 4 1
422281	0
# 4 4 4 4 2
448647	0
# 4 4 4 4 3
460619	0
# 4 4 4 5 0
229914	0
# 4 4 4 5 1
471972	0
# 4 4 4 5 2
498748	0
# 4 4 4 5 3
745812	0
# 4 4 4 6 0
324141	0
# 4 4 4 6 1
528834	0
# 4 4 4 6 2
837383	0
# 4 4 4 6 3
1873371	0
Setting up
# 4 5 0 0 0
1151	0
# 4 5 0 0 1
1892	0
# 4 5 0 0 2
3001	0
# 4 5 0 0 3
5187	0
# 4 5 0 1 0
796	0
# 4 5 0 1 1
1814	0
# 4 5 0 1 2
2883	0
# 4 5 0 1 3
4798	0
# 4 5 0 2 0
1338	0
# 4 5 0 2 1
1873	0
# 4 5 0 2 2
3210	0
# 4 5 0 2 3
4698	0
# 4 5 0 3 0
1235	0
# 4 5 0 3 1
1880	0
# 4 5 0 3 2
3214	0
# 4 5 0 3 3
6300	0
# 4 5 0 4 0
2310	0
# 4 5 0 4 1
4213	0
# 4 5 0 4 2
7384	0
# 4 5 0 4 3
14345	0
# 4 5 0 5 0
5441	0
# 4 5 0 5 1
10114	0
# 4 5 0 5 2
19961	0
# 4 5 0 5 3
243379	0
# 4 5 0 6 0
16955	0
# 4 5 0 6 1
35582	0
# 4 5 0 6 2
71444	0
# 4 5 0 6 3
149804	0
# 4 5 1 0 0
1796	0
# 4 5 1 0 1
1943	0
# 4 5 1 0 2
3824	0
# 4 5 1 0 3
8302	0
# 4 5 1 1 0
1183	0
# 4 5 1 1 1
1959	0
# 4 5 1 1 2
4055	0
# 4 5 1 1 3
8036	0
# 4 5 1 2 0
1722	0
# 4 5 1 2 1
1995	0
# 4 5 1 2 2
4175	0
# 4 5 1 2 3
7283	0
# 4 5 1 3 0
1865	0
# 4 5 1 3 1
2666	0
# 4 5 1 3 2
5091	0
# 4 5 1 3 3
7438	0
# 4 5 1 4 0
204673	0
# 4 5 1 4 1
208109	0
# 4 5 1 4 2
210000	0
# 4 5 1 4 3
220299	0
# 4 5 1 5 0
211400	0
# 4 5 1 5 1
211711	0
# 4 5 1 5 2
223165	0
# 4 5 1 5 3
251060	0
# 4 5 1 6 0
24164	0
# 4 5 1 6 1
243353	0
# 4 5 1 6 2
286395	0
# 4 5 1 6 3
556404	0
# 4 5 2 0 0
1835	0
# 4 5 2 0 1
4240	0
# 4 5 2 0 2
6699	0
# 4 5 2 0 3
15136	0
# 4 5 2 1 0
2216	0
# 4 5 2 1 1
3286	0
# 4 5 2 1 2
6276	0
# 4 5 2 1 3
13814	0
# 4 5 2 2 0
2363	0
# 4 5 2 2 1
3595	0
# 4 5 2 2 2
7399	0
# 4 5 2 2 3
13986	0
# 4 5 2 3 0
2578	0
# 4 5 2 3 1
4662	0
# 4 5 2 3 2
6951	0
# 4 5 2 3 3
15379	0
# 4 5 2 4 0
203962	0
# 4 5 2 4 1
209200	0
# 4 5 2 4 2
219527	0
# 4 5 2 4 3
438878	0
# 4 5 2 5 0
214549	0
# 4 5 2 5 1
214971	0
# 4 5 2 5 2
232988	0
# 4 5 2 5 3
274842	0
# 4 5 2 6 0
46687	0
# 4 5 2 6 1
251823	0
# 4 5 2 6 2
342206	0
# 4 5 2 6 3
548493	0
# 4 5 3 0 0
3915	0
# 4 5 3 0 1
6777	0
# 4 5 3 0 2
13740	0
# 4 5 3 0 3
28206	0
# 4 5 3 1 0
3948	0
# 4 5 3 1 1
7510	0
# 4 5 3 1 2
14238	0
# 4 5 3 1 3
29799	0
# 4 5 3 2 0
3981	0
# 4 5 3 2 1
7840	0
# 4 5 3 2 2
13743	0
# 4 5 3 2 3
26561	0
# 4 5 3 3 0
4052	0
# 4 5 3 3 1
7693	0
# 4 5 3 3 2
14766	0
# 4 5 3 3 3
27710	0
# 4 5 3 4 0
208360	0
# 4 5 3 4 1
216129	0
# 4 5 3 4 2
223786	0
# 4 5 3 4 3
256345	0
# 4 5 3 5 0
218164	0
# 4 5 3 5 1
236024	0
# 4 5 3 5 2
282056	0
# 4 5 3 5 3
363991	0
# 4 5 3 6 0
268465	0
# 4 5 3 6 1
453802	0
# 4 5 3 6 2
499328	0
# 4 5 3 6 3
865760	0
# 4 5 4 0 0
6491	0
# 4 5 4 0 1
14303	0
# 4 5 4 0 2
26586	0
# 4 5 4 0 3
59510	0
# 4 5 4 1 0
8164	0
# 4 5 4 1 1
15210	0
# 4 5 4 1 2
26327	0
# 4 5 4 1 3
53960	0
# 4 5 4 2 0
3001029	0
# 4 5 4 2 1
14669	0
# 4 5 4 2 2
24951	0
# 4 5 4 2 3
54999	0
# 4 5 4 3 0
9061	0
# 4 5 4 3 1
15539	0
# 4 5 4 3 2
28627	0
# 4 5 4 3 3
56427	0
# 4 5 4 4 0
213128	0
# 4 5 4 4 1
420041	0
# 4 5 4 4 2
444362	0
# 4 5 4 4 3
440750	0
# 4 5 4 5 0
232663	0
# 4 5 4 5 1
458803	0
# 4 5 4 5 2
489777	0
# 4 5 4 5 3
537800	0
# 4 5 4 6 0
334807	0
# 4 5 4 6 1
643133	0
# 4 5 4 6 2
813126	0
# 4 5 4 6 3
1441766	0
